1,0.18214607754733994
2,0.22633002705139765
3,0.22272317403065825
4,0.207995190862639
5,0.22512774271115119
6,0.23324316200781484
7,0.22242260294559663
8,0.22061917643522694
9,0.22302374511571987
10,0.2377517282837391
11,0.23685001502855424
12,0.22843402464682896
13,0.23264201983769162
14,0.24496543432521792
15,0.23895401262398558
16,0.23534715960324618
17,0.2290351668169522
18,0.23354373309287646
19,0.2377517282837391
20,0.2518785692816351
21,0.24556657649534114
22,0.24556657649534114
23,0.24406372107003307
24,0.24165915238954014
25,0.25247971145175835
26,0.2482717162608957
27,0.24496543432521792
28,0.2497745716862038
29,0.22482717162608956
30,0.22602945596633603
31,0.23023745115719868
32,0.23564773068830777
33,0.23865344153892395
34,0.23534715960324618
35,0.2377517282837391
36,0.24346257889990983
37,0.24767057409077248
38,0.2308385933273219
39,0.2395551547941088
40,0.2518785692816351
41,0.2551848512173129
42,0.2560865644724977
43,0.2560865644724977
44,0.24737000300571085
45,0.26720769461977756
46,0.26570483919446947
47,0.2693116922152089
48,0.26570483919446947
49,0.27171626089570183
50,0.27291854523594833
51,0.260595130748422
52,0.29125338142470697
53,0.292756236850015
54,0.29305680793507666
55,0.2921550946798918
56,0.2696122633002705
57,0.28764652840396754
58,0.28313796212804326
59,0.3056807935076646
60,0.29305680793507666
61,0.30057108506161706
62,0.2750225428313796
63,0.2467688608355876
64,0.2651036970243463
65,0.270814547640517
66,0.2732191163210099
67,0.2678088367899008
68,0.25999398857829875
69,0.2521791403666967
70,0.2765253982566877
71,0.27592425608656446
72,0.2780282536819958
73,0.2777276825969342
74,0.2777276825969342
75,0.28253681995792007
76,0.2777276825969342
77,0.274721971746318
78,0.26871055004508565
79,0.27051397655545534
80,0.26840997896002405
81,0.26871055004508565
82,0.26871055004508565
83,0.274721971746318
84,0.2648031259392846
85,0.26420198376916143
86,0.27201683198076343
87,0.27532311391644126
88,0.2819356777877968
89,0.2837391042981665
90,0.28584310189359785
91,0.2837391042981665
92,0.27141568981064024
93,0.27892996693718064
94,0.2735196874060715
95,0.2777276825969342
96,0.28013225127742714
97,0.26871055004508565
98,0.2780282536819958
99,0.27712654042681095
100,0.27532311391644126
101,0.2750225428313796
102,0.26840997896002405
103,0.27592425608656446
104,0.2813345356176736
105,0.26991283438533215
106,0.274721971746318
107,0.2894499549143372
108,0.2900510970844605
109,0.28914938382927563
110,0.30027051397655546
111,0.2987676585512474
112,0.2975653742110009
113,0.2885482416591524
114,0.2855425308085362
115,0.3071836489329727
116,0.29335737902013825
117,0.29335737902013825
118,0.29516080553050794
119,0.306883077847911
120,0.30507965133754134
121,0.30748422001803427
122,0.30057108506161706
123,0.2936579501051999
124,0.3008716561466787
125,0.30237451157198675
126,0.3041779380823565
127,0.2981665163811241
128,0.29636308987075444
129,0.2939585211902615
130,0.29155395250976857
131,0.28914938382927563
132,0.2783288247670574
133,0.2900510970844605
134,0.29155395250976857
135,0.2921550946798918
136,0.29455966336038475
137,0.2984670874661858
138,0.30057108506161706
139,0.30207394048692515
140,0.3011722272317403
141,0.2987676585512474
142,0.3083859332732191
143,0.2975653742110009
144,0.2999699428914938
145,0.29906822963630897
146,0.2987676585512474
147,0.30297565374211
148,0.29666366095581603
149,0.29185452359483016
150,0.284941388638413
151,0.3026750826570484
152,0.30748422001803427
153,0.3071836489329727
154,0.31079050195371205
155,0.3086865043582807
156,0.3008716561466787
157,0.29486023444544635
158,0.2942590922753231
159,0.2855425308085362
160,0.2822362488728584
161,0.2765253982566877
162,0.26871055004508565
163,0.2693116922152089
164,0.27412082957619477
165,0.27021340547039374
166,0.28884881274421403
167,0.28644424406372104
168,0.30207394048692515
169,0.3065825067628494
170,0.2924556657649534
171,0.2921550946798918
172,0.2954613766155696
173,0.29666366095581603
174,0.2906522392545837
175,0.29906822963630897
176,0.29455966336038475
177,0.30057108506161706
178,0.3014727983168019
179,0.3056807935076646
180,0.30778479110309587
181,0.30297565374211
182,0.30207394048692515
183,0.2909528103396453
184,0.29125338142470697
185,0.2897505259993989
186,0.29185452359483016
187,0.28313796212804326
188,0.30387736699729484
189,0.2969642320408777
190,0.2972648031259393
191,0.2981665163811241
192,0.2996693718064322
193,0.30207394048692515
194,0.3041779380823565
195,0.30387736699729484
196,0.30507965133754134
197,0.3086865043582807
198,0.306883077847911
199,0.3047790802524797
200,0.3044785091674181
201,0.30507965133754134
202,0.30027051397655546
203,0.30027051397655546
204,0.2975653742110009
205,0.3026750826570484
206,0.31109107303877365
207,0.3159002103997595
208,0.3152990682296363
209,0.3159002103997595
210,0.3174030658250676
211,0.3237150586113616
212,0.3174030658250676
213,0.31379621280432823
214,0.313195070634205
215,0.31920649233543735
216,0.3083859332732191
217,0.3086865043582807
218,0.30748422001803427
219,0.3168019236549444
220,0.3174030658250676
221,0.3255184851217313
222,0.3255184851217313
223,0.3246167718665464
224,0.3204087766756838
225,0.3186053501653141
226,0.32281334535617673
227,0.3168019236549444
228,0.3237150586113616
229,0.3047790802524797
230,0.3059813645927262
231,0.31409678388938983
232,0.31770363691012926
233,0.30507965133754134
234,0.3083859332732191
235,0.31379621280432823
236,0.317102494740006
237,0.3237150586113616
238,0.3348361887586414
239,0.3294259092275323
240,0.3321310489930869
241,0.33513675984370306
242,0.3294259092275323
243,0.3333333333333333
244,0.33543733092876465
245,0.3381424706943192
246,0.3390441839495041
247,0.3348361887586414
248,0.3327321911632101
249,0.3327321911632101
250,0.3333333333333333
251,0.3315299068229636
252,0.33002705139765554
253,0.3318304779080252
254,0.3330327622482717
255,0.32972648031259394
256,0.33002705139765554
257,0.33002705139765554
258,0.3327321911632101
259,0.3327321911632101
260,0.3333333333333333
261,0.3306281935677788
262,0.3390441839495041
263,0.3390441839495041
264,0.33543733092876465
265,0.33393447550345656
266,0.33513675984370306
267,0.33724075743913434
268,0.3345356176735798
269,0.3345356176735798
270,0.32972648031259394
271,0.3288247670574091
272,0.32822362488728585
273,0.32852419597234744
274,0.3327321911632101
275,0.3327321911632101
276,0.3309287646528404
277,0.33002705139765554
278,0.33243162007814847
279,0.3330327622482717
280,0.33393447550345656
281,0.33423504658851816
282,0.33543733092876465
283,0.33724075743913434
284,0.33694018635407275
285,0.3396453261196273
286,0.3402464682897505
287,0.33994589720468893
288,0.3447550345656748
289,0.3420498948001202
290,0.341448752629997
291,0.34295160805530506
292,0.3435527502254283
293,0.34385332131048996
294,0.34114818154493537
295,0.33423504658851816
296,0.3405470393748121
297,0.3405470393748121
298,0.3402464682897505
299,0.3393447550345657
300,0.3393447550345657
301,0.3408476104598738
302,0.3408476104598738
303,0.34235046588518186
304,0.3405470393748121
305,0.33423504658851816
306,0.3345356176735798
307,0.3333333333333333
308,0.33393447550345656
309,0.3330327622482717
310,0.34114818154493537
311,0.33874361286444243
312,0.3393447550345657
313,0.33724075743913434
314,0.3321310489930869
315,0.33363390441839497
316,0.3291253381424707
317,0.3348361887586414
318,0.33513675984370306
319,0.34415389239555155
320,0.34565674782085964
321,0.34595731890592124
322,0.3450556056507364
323,0.34866245867147583
324,0.34715960324616774
325,0.3450556056507364
326,0.34265103697024346
327,0.3405470393748121
328,0.3396453261196273
329,0.3393447550345657
330,0.33844304177938084
331,0.337541328524196
332,0.341448752629997
333,0.34265103697024346
334,0.3417493237150586
335,0.3417493237150586
336,0.33844304177938084
337,0.33724075743913434
338,0.3333333333333333
339,0.33573790201382625
340,0.33543733092876465
341,0.33543733092876465
342,0.33573790201382625
343,0.3345356176735798
344,0.3345356176735798
345,0.3348361887586414
346,0.3396453261196273
347,0.33543733092876465
348,0.3381424706943192
349,0.33844304177938084
350,0.33694018635407275
351,0.3345356176735798
352,0.3360384730988879
353,0.33724075743913434
354,0.3366396152690111
355,0.3345356176735798
356,0.33543733092876465
357,0.33513675984370306
358,0.33573790201382625
359,0.32852419597234744
360,0.32822362488728585
361,0.32972648031259394
362,0.33243162007814847
363,0.33122933573790203
364,0.33724075743913434
365,0.33393447550345656
366,0.3330327622482717
367,0.3306281935677788
368,0.33243162007814847
369,0.3327321911632101
370,0.3321310489930869
371,0.3321310489930869
372,0.3315299068229636
373,0.3348361887586414
374,0.33573790201382625
375,0.33573790201382625
376,0.33513675984370306
377,0.33543733092876465
378,0.33874361286444243
379,0.33844304177938084
380,0.33844304177938084
381,0.33423504658851816
382,0.33513675984370306
383,0.3333333333333333
384,0.33513675984370306
385,0.3360384730988879
386,0.337541328524196
387,0.34265103697024346
388,0.34235046588518186
389,0.34235046588518186
390,0.34235046588518186
391,0.33874361286444243
392,0.337541328524196
393,0.3345356176735798
394,0.3348361887586414
395,0.33573790201382625
396,0.337541328524196
397,0.33573790201382625
398,0.33844304177938084
399,0.33724075743913434
400,0.33844304177938084
401,0.3390441839495041
402,0.3381424706943192
403,0.33363390441839497
404,0.33363390441839497
405,0.33363390441839497
406,0.3327321911632101
407,0.3315299068229636
408,0.33573790201382625
409,0.33423504658851816
410,0.3366396152690111
411,0.33844304177938084
412,0.3378418996092576
413,0.33694018635407275
414,0.33513675984370306
415,0.33543733092876465
416,0.3345356176735798
417,0.33844304177938084
418,0.3390441839495041
419,0.3396453261196273
420,0.3396453261196273
421,0.341448752629997
422,0.3378418996092576
423,0.3363390441839495
424,0.33724075743913434
425,0.3381424706943192
426,0.3450556056507364
427,0.3462578899909829
428,0.3465584610760445
429,0.349263600841599
430,0.3489630297565374
431,0.34746017433122933
432,0.3462578899909829
433,0.3504658851818455
434,0.35166816952209196
435,0.3537721671175233
436,0.35467388037270814
437,0.35437330928764654
438,0.3534715960324617
439,0.35437330928764654
440,0.35467388037270814
441,0.3534715960324617
442,0.35587616471295463
443,0.355575593627893
444,0.355575593627893
445,0.3564773068830778
446,0.35858130447850917
447,0.35587616471295463
448,0.3621881574992486
449,0.3666967237751728
450,0.3666967237751728
451,0.36609558160504957
452,0.36459272617974153
453,0.3627892996693718
454,0.3627892996693718
455,0.3627892996693718
456,0.3624887285843102
457,0.36308987075443344
458,0.36308987075443344
459,0.36369101292455663
460,0.36369101292455663
461,0.36038473098887885
462,0.3606853020739405
463,0.36158701532912535
464,0.3624887285843102
465,0.36369101292455663
466,0.36308987075443344
467,0.36459272617974153
468,0.36008415990381726
469,0.3606853020739405
470,0.3609858731590021
471,0.36158701532912535
472,0.3627892996693718
473,0.3642921550946799
474,0.3639915840096183
475,0.36489329726480313
476,0.36308987075443344
477,0.36308987075443344
478,0.36489329726480313
479,0.36459272617974153
480,0.3624887285843102
481,0.3624887285843102
482,0.3624887285843102
483,0.3642921550946799
484,0.3654944394349264
485,0.3654944394349264
486,0.365795010519988
487,0.36729786594529606
488,0.36910129245566575
489,0.36609558160504957
490,0.36609558160504957
491,0.3663961526901112
492,0.3678990081154193
493,0.3700030057108506
494,0.37360985873159
495,0.3730087165614668
496,0.37481214307183647
497,0.37451157198677487
498,0.3751127141568981
499,0.3772167117523294
500,0.3787195671776375
501,0.3784189960925759
502,0.379921851517884
503,0.379921851517884
504,0.37751728283739105
505,0.3787195671776375
506,0.3784189960925759
507,0.3766155695822062
508,0.37962128043282234
509,0.38112413585813043
510,0.37751728283739105
511,0.37451157198677487
512,0.37571385632702137
513,0.3781184250075143
514,0.379921851517884
515,0.3781184250075143
516,0.3772167117523294
517,0.3766155695822062
518,0.37601442741208296
519,0.3784189960925759
520,0.37962128043282234
521,0.379921851517884
522,0.38112413585813043
523,0.38112413585813043
524,0.37902013826269915
525,0.3820258491133153
526,0.38352870453862337
527,0.37932070934776074
528,0.38473098887886986
529,0.3853321310489931
530,0.3820258491133153
531,0.3826269912834385
532,0.38112413585813043
533,0.38082356477306883
534,0.37932070934776074
535,0.37902013826269915
536,0.37751728283739105
537,0.3766155695822062
538,0.3772167117523294
539,0.37751728283739105
540,0.3784189960925759
541,0.37751728283739105
542,0.379921851517884
543,0.3787195671776375
544,0.37571385632702137
545,0.3769161406672678
546,0.37902013826269915
547,0.38052299368800724
548,0.3814247069431921
549,0.3820258491133153
550,0.38052299368800724
551,0.3814247069431921
552,0.38112413585813043
553,0.3820258491133153
554,0.37902013826269915
555,0.3814247069431921
556,0.38082356477306883
557,0.38112413585813043
558,0.3817252780282537
559,0.3826269912834385
560,0.3823264201983769
561,0.38503155996393146
562,0.38503155996393146
563,0.38322813345356177
564,0.3844304177938082
565,0.3844304177938082
566,0.38473098887886986
567,0.38623384430417795
568,0.3841298467087466
569,0.38352870453862337
570,0.38503155996393146
571,0.38623384430417795
572,0.38503155996393146
573,0.38773669972948605
574,0.38623384430417795
575,0.38683498647430115
576,0.3853321310489931
577,0.3886384129846709
578,0.3886384129846709
579,0.3853321310489931
580,0.38653441538923955
581,0.38683498647430115
582,0.38773669972948605
583,0.38623384430417795
584,0.38623384430417795
585,0.38503155996393146
586,0.3892395551547941
587,0.3907424105801022
588,0.3925458370904719
589,0.39194469492034867
590,0.39194469492034867
591,0.39194469492034867
592,0.39224526600541026
593,0.3916441238352871
594,0.39194469492034867
595,0.3886384129846709
596,0.38984069732491733
597,0.3886384129846709
598,0.3871355575593628
599,0.38773669972948605
600,0.3889389840697325
601,0.3886384129846709
602,0.3871355575593628
603,0.3889389840697325
604,0.38954012623985573
605,0.3859332732191163
606,0.3874361286444244
607,0.3889389840697325
608,0.38803727081454764
609,0.38352870453862337
610,0.38473098887886986
611,0.3856327021340547
612,0.38473098887886986
613,0.38503155996393146
614,0.3856327021340547
615,0.3856327021340547
616,0.3916441238352871
617,0.39194469492034867
618,0.3886384129846709
619,0.38954012623985573
620,0.3904418394950406
621,0.39224526600541026
622,0.3931469792605951
623,0.39344755034565676
624,0.3910429816651638
625,0.3907424105801022
626,0.3916441238352871
627,0.3946498346859032
628,0.39555154794108804
629,0.3958521190261497
630,0.39705440336639614
631,0.39825668770664263
632,0.39825668770664263
633,0.397956116621581
634,0.39825668770664263
635,0.3991584009618275
636,0.3985572587917042
637,0.4012623985572588
638,0.401863540727382
639,0.39945897204688907
640,0.39945897204688907
641,0.40096182747219716
642,0.4033663961526901
643,0.4012623985572588
644,0.401863540727382
645,0.40216411181244366
646,0.401863540727382
647,0.40216411181244366
648,0.401863540727382
649,0.40366696723775175
650,0.40366696723775175
651,0.4063721070033063
652,0.4072738202584911
653,0.4102795311091073
654,0.4072738202584911
655,0.40547039374812144
656,0.4060715359182447
657,0.4084761045987376
658,0.4045686804929366
659,0.40577096483318303
660,0.4066726780883679
661,0.40366696723775175
662,0.40577096483318303
663,0.4060715359182447
664,0.40547039374812144
665,0.40547039374812144
666,0.40577096483318303
667,0.4003606853020739
668,0.4015629696423204
669,0.4015629696423204
670,0.40246468289750525
671,0.40216411181244366
672,0.4030658250676285
673,0.401863540727382
674,0.4012623985572588
675,0.40216411181244366
676,0.4033663961526901
677,0.4072738202584911
678,0.4066726780883679
679,0.40577096483318303
680,0.4033663961526901
681,0.40096182747219716
682,0.4000601142170123
683,0.40096182747219716
684,0.4012623985572588
685,0.40366696723775175
686,0.4030658250676285
687,0.4075743913435528
688,0.40577096483318303
689,0.4060715359182447
690,0.40697324917342953
691,0.4051698226630598
692,0.4048692515779982
693,0.4030658250676285
694,0.401863540727382
695,0.40366696723775175
696,0.4063721070033063
697,0.4078749624286144
698,0.40547039374812144
699,0.4033663961526901
700,0.4060715359182447
701,0.40096182747219716
702,0.4012623985572588
703,0.40396753832281335
704,0.401863540727382
705,0.401863540727382
706,0.40216411181244366
707,0.40577096483318303
708,0.4075743913435528
709,0.4075743913435528
710,0.40577096483318303
711,0.4060715359182447
712,0.4072738202584911
713,0.4072738202584911
714,0.40547039374812144
715,0.4063721070033063
716,0.4033663961526901
717,0.4060715359182447
718,0.40547039374812144
719,0.40817553351367597
720,0.4084761045987376
721,0.4072738202584911
722,0.4102795311091073
723,0.4087766756837992
724,0.4102795311091073
725,0.4090772467688608
726,0.4105801021941689
727,0.4084761045987376
728,0.40937781785392247
729,0.4090772467688608
730,0.4090772467688608
731,0.4090772467688608
732,0.4084761045987376
733,0.4102795311091073
734,0.41088067327923056
735,0.4072738202584911
736,0.40817553351367597
737,0.40967838893898406
738,0.4099789600240457
739,0.40967838893898406
740,0.4090772467688608
741,0.41088067327923056
742,0.41088067327923056
743,0.4117823865344154
744,0.4099789600240457
745,0.40967838893898406
746,0.41088067327923056
747,0.41118124436429215
748,0.41088067327923056
749,0.41238352870453865
750,0.41088067327923056
751,0.4102795311091073
752,0.4105801021941689
753,0.40967838893898406
754,0.41238352870453865
755,0.4147880973850316
756,0.41418695521490834
757,0.4153892395551548
758,0.4147880973850316
759,0.41268409978960024
760,0.4138863841298467
761,0.4135858130447851
762,0.41448752629996993
763,0.41689209498046287
764,0.41869552149083256
765,0.4177938082356477
766,0.4189960925758942
767,0.41809437932070936
768,0.41689209498046287
769,0.41689209498046287
770,0.41568981064021643
771,0.4162909528103396
772,0.4162909528103396
773,0.4171926660655245
774,0.4165915238954013
775,0.415990381725278
776,0.4162909528103396
777,0.415990381725278
778,0.4132852419597235
779,0.41268409978960024
780,0.41268409978960024
781,0.4135858130447851
782,0.4132852419597235
783,0.4132852419597235
784,0.4138863841298467
785,0.41298467087466184
786,0.41118124436429215
787,0.41148181544935375
788,0.41238352870453865
789,0.41268409978960024
790,0.41268409978960024
791,0.4117823865344154
792,0.41118124436429215
793,0.41088067327923056
794,0.4117823865344154
795,0.41298467087466184
796,0.41298467087466184
797,0.4135858130447851
798,0.4138863841298467
799,0.4138863841298467
800,0.41268409978960024
801,0.41238352870453865
802,0.41268409978960024
803,0.41238352870453865
804,0.4117823865344154
805,0.41238352870453865
806,0.41238352870453865
807,0.41268409978960024
808,0.41238352870453865
809,0.4138863841298467
810,0.41238352870453865
811,0.41418695521490834
812,0.41298467087466184
813,0.41118124436429215
814,0.4117823865344154
815,0.41268409978960024
816,0.4117823865344154
817,0.41268409978960024
818,0.4132852419597235
819,0.4138863841298467
820,0.41268409978960024
821,0.41298467087466184
822,0.4135858130447851
823,0.4138863841298467
824,0.4138863841298467
825,0.41418695521490834
826,0.4132852419597235
827,0.41268409978960024
828,0.41298467087466184
829,0.41268409978960024
830,0.4135858130447851
831,0.41148181544935375
832,0.4117823865344154
833,0.4135858130447851
834,0.41268409978960024
835,0.4132852419597235
836,0.4147880973850316
837,0.41568981064021643
838,0.4150886684700932
839,0.4132852419597235
840,0.4132852419597235
841,0.4165915238954013
842,0.4189960925758942
843,0.41869552149083256
844,0.41869552149083256
845,0.41809437932070936
846,0.4189960925758942
847,0.41809437932070936
848,0.41869552149083256
849,0.41809437932070936
850,0.41689209498046287
851,0.41568981064021643
852,0.4153892395551548
853,0.415990381725278
854,0.4150886684700932
855,0.41448752629996993
856,0.41418695521490834
857,0.4135858130447851
858,0.4117823865344154
859,0.4132852419597235
860,0.41809437932070936
861,0.4177938082356477
862,0.4174932371505861
863,0.4171926660655245
864,0.4177938082356477
865,0.41869552149083256
866,0.41689209498046287
867,0.4171926660655245
868,0.4177938082356477
869,0.41809437932070936
870,0.4135858130447851
871,0.41448752629996993
872,0.41809437932070936
873,0.4192966636609558
874,0.41989780583107905
875,0.41839495040577096
876,0.41809437932070936
877,0.42019837691614065
878,0.41989780583107905
879,0.41989780583107905
880,0.42019837691614065
881,0.4204989480012023
882,0.4211000901713255
883,0.42290351668169524
884,0.4238052299368801
885,0.4250075142771265
886,0.4241058010219417
887,0.4238052299368801
888,0.4250075142771265
889,0.4250075142771265
890,0.4247069431920649
891,0.4235046588518184
892,0.4226029455966336
893,0.4238052299368801
894,0.4238052299368801
895,0.42320408776675683
896,0.422302374511572
897,0.4226029455966336
898,0.42290351668169524
899,0.42019837691614065
900,0.4250075142771265
901,0.4241058010219417
902,0.4241058010219417
903,0.4244063721070033
904,0.4241058010219417
905,0.4250075142771265
906,0.4241058010219417
907,0.4235046588518184
908,0.4235046588518184
909,0.4235046588518184
910,0.4259092275323114
911,0.42560865644724977
912,0.4280132251277427
913,0.42891493838292755
914,0.43011722272317404
915,0.43041779380823564
916,0.42711151187255786
917,0.42741208295761945
918,0.4280132251277427
919,0.42831379621280435
920,0.4265103697024346
921,0.42711151187255786
922,0.4307183648932973
923,0.4313195070634205
924,0.4310189359783589
925,0.4295160805530508
926,0.4295160805530508
927,0.42891493838292755
928,0.4280132251277427
929,0.43041779380823564
930,0.4307183648932973
931,0.42891493838292755
932,0.42891493838292755
933,0.4280132251277427
934,0.42560865644724977
935,0.4259092275323114
936,0.4265103697024346
937,0.4247069431920649
938,0.4259092275323114
939,0.4265103697024346
940,0.4259092275323114
941,0.42711151187255786
942,0.42530808536218817
943,0.4259092275323114
944,0.4259092275323114
945,0.4265103697024346
946,0.42530808536218817
947,0.426209798617373
948,0.4280132251277427
949,0.4295160805530508
950,0.4292155094679892
951,0.4298166516381124
952,0.43162007814848213
953,0.4322212203186053
954,0.43763149984971444
955,0.43011722272317404
956,0.4298166516381124
957,0.4313195070634205
958,0.43162007814848213
959,0.4322212203186053
960,0.4334235046588518
961,0.43432521791403667
962,0.43192064923354373
963,0.4352269311692215
964,0.43402464682897507
965,0.43402464682897507
966,0.43432521791403667
967,0.4349263600841599
968,0.43552750225428316
969,0.43733092876465285
970,0.43763149984971444
971,0.4385332131048993
972,0.4397354974451458
973,0.43733092876465285
974,0.43733092876465285
975,0.4379320709347761
976,0.44063721070033063
977,0.4418394950405771
978,0.4424406372107003
979,0.44153892395551547
980,0.4418394950405771
981,0.4418394950405771
982,0.43883378418996094
983,0.43733092876465285
984,0.4379320709347761
985,0.43883378418996094
986,0.43943492636008413
987,0.4409377817853922
988,0.44063721070033063
989,0.4412383528704539
990,0.44063721070033063
991,0.44033663961526903
992,0.44033663961526903
993,0.4397354974451458
994,0.44033663961526903
995,0.44033663961526903
996,0.4421400661256387
997,0.44334235046588516
998,0.44304177938082356
999,0.44424406372107006
1000,0.4487526299969943
1001,0.44785091674180943
1002,0.4484520589119327
1003,0.4457469191463781
1004,0.44424406372107006
1005,0.44634806131650134
1006,0.44604749023143975
1007,0.446648632401563
1008,0.4469492034866246
1009,0.45145776976254887
1010,0.45175834084761046
1011,0.4556657649534115
1012,0.45656747820859633
1013,0.45356176735798015
1014,0.45205891193267206
1015,0.45326119627291855
1016,0.45506462278328824
1017,0.45356176735798015
1018,0.45326119627291855
1019,0.45326119627291855
1020,0.45326119627291855
1021,0.45536519386834984
1022,0.45656747820859633
1023,0.454463480613165
1024,0.45536519386834984
1025,0.458370904718966
1026,0.45626690712353474
1027,0.45506462278328824
1028,0.45536519386834984
1029,0.45326119627291855
1030,0.4538623384430418
1031,0.4529606251878569
1032,0.4526600541027953
1033,0.45476405169822665
1034,0.45536519386834984
1035,0.4541629095281034
1036,0.4541629095281034
1037,0.45175834084761046
1038,0.4523594830177337
1039,0.45175834084761046
1040,0.45205891193267206
1041,0.4523594830177337
1042,0.45205891193267206
1043,0.4511571986774872
1044,0.4538623384430418
1045,0.4538623384430418
1046,0.45536519386834984
1047,0.4571686203787196
1048,0.4586714758040277
1049,0.45656747820859633
1050,0.4580703336339044
1051,0.45927261797415087
1052,0.45776976254884283
1053,0.4595731890592125
1054,0.4580703336339044
1055,0.458370904718966
1056,0.45656747820859633
1057,0.4586714758040277
1058,0.4595731890592125
1059,0.46017433122933576
1060,0.46408175533513674
1061,0.4643823264201984
1062,0.46378118425007514
1063,0.4631800420799519
1064,0.4613766155695822
1065,0.46077547339945896
1066,0.46047490231439736
1067,0.4616771866546438
1068,0.4616771866546438
1069,0.46528403967538323
1070,0.46528403967538323
1071,0.46498346859032164
1072,0.46498346859032164
1073,0.4658851818455065
1074,0.46408175533513674
1075,0.46047490231439736
1076,0.46047490231439736
1077,0.4610760444845206
1078,0.46408175533513674
1079,0.4616771866546438
1080,0.4628794709948903
1081,0.4625788999098287
1082,0.46468289750526
1083,0.46768860835587617
1084,0.46558461076044483
1085,0.46408175533513674
1086,0.46558461076044483
1087,0.4658851818455065
1088,0.46378118425007514
1089,0.46408175533513674
1090,0.46498346859032164
1091,0.4643823264201984
1092,0.46348061316501354
1093,0.4643823264201984
1094,0.46498346859032164
1095,0.46558461076044483
1096,0.4667868951006913
1097,0.4670874661857529
1098,0.46648632401562967
1099,0.46738803727081457
1100,0.46798917944093776
1101,0.4661857529305681
1102,0.4658851818455065
1103,0.46558461076044483
1104,0.4643823264201984
1105,0.46528403967538323
1106,0.4643823264201984
1107,0.46528403967538323
1108,0.46408175533513674
1109,0.46468289750526
1110,0.46558461076044483
1111,0.4643823264201984
1112,0.46378118425007514
1113,0.4658851818455065
1114,0.4658851818455065
1115,0.4670874661857529
1116,0.46738803727081457
1117,0.46648632401562967
1118,0.4661857529305681
1119,0.46648632401562967
1120,0.46919146378118426
1121,0.4670874661857529
1122,0.46738803727081457
1123,0.4682897505259994
1124,0.4697926059513075
1125,0.46798917944093776
1126,0.46768860835587617
1127,0.46949203486624586
1128,0.46919146378118426
1129,0.46919146378118426
1130,0.4700931770363691
1131,0.47099489029155395
1132,0.47069431920649235
1133,0.47099489029155395
1134,0.46738803727081457
1135,0.468590321611061
1136,0.46949203486624586
1137,0.4697926059513075
1138,0.46919146378118426
1139,0.46768860835587617
1140,0.46768860835587617
1141,0.46768860835587617
1142,0.4697926059513075
1143,0.4700931770363691
1144,0.4688908926961226
1145,0.468590321611061
1146,0.46919146378118426
1147,0.46919146378118426
1148,0.46949203486624586
1149,0.4697926059513075
1150,0.4697926059513075
1151,0.46949203486624586
1152,0.4703937481214307
1153,0.47069431920649235
1154,0.47069431920649235
1155,0.46949203486624586
1156,0.4682897505259994
1157,0.46798917944093776
1158,0.46919146378118426
1159,0.46798917944093776
1160,0.46919146378118426
1161,0.46949203486624586
1162,0.4688908926961226
1163,0.4667868951006913
1164,0.46738803727081457
1165,0.46648632401562967
1166,0.46768860835587617
1167,0.468590321611061
1168,0.46648632401562967
1169,0.46498346859032164
1170,0.46468289750526
1171,0.46348061316501354
1172,0.46378118425007514
1173,0.46468289750526
1174,0.4643823264201984
1175,0.46378118425007514
1176,0.4643823264201984
1177,0.4628794709948903
1178,0.46648632401562967
1179,0.4670874661857529
1180,0.46768860835587617
1181,0.4667868951006913
1182,0.46648632401562967
1183,0.46738803727081457
1184,0.4682897505259994
1185,0.46768860835587617
1186,0.46798917944093776
1187,0.468590321611061
1188,0.46798917944093776
1189,0.4658851818455065
1190,0.46528403967538323
1191,0.46558461076044483
1192,0.46558461076044483
1193,0.46738803727081457
1194,0.46768860835587617
1195,0.46919146378118426
1196,0.46949203486624586
1197,0.46738803727081457
1198,0.46768860835587617
1199,0.4670874661857529
1200,0.46798917944093776
1201,0.4688908926961226
1202,0.4682897505259994
1203,0.4667868951006913
1204,0.4661857529305681
1205,0.4661857529305681
1206,0.46648632401562967
1207,0.4661857529305681
1208,0.46558461076044483
1209,0.4658851818455065
1210,0.46468289750526
1211,0.46408175533513674
1212,0.46498346859032164
1213,0.46558461076044483
1214,0.46498346859032164
1215,0.4661857529305681
1216,0.4661857529305681
1217,0.46738803727081457
1218,0.46738803727081457
1219,0.46768860835587617
1220,0.46738803727081457
1221,0.46768860835587617
1222,0.468590321611061
1223,0.46768860835587617
1224,0.4688908926961226
1225,0.468590321611061
1226,0.4682897505259994
1227,0.4670874661857529
1228,0.46738803727081457
1229,0.468590321611061
1230,0.468590321611061
1231,0.4703937481214307
1232,0.47219717463180044
1233,0.4718966035467388
1234,0.47249774571686204
1235,0.47249774571686204
1236,0.47219717463180044
1237,0.47400060114217013
1238,0.4746017433122934
1239,0.47520288548241657
1240,0.4758040276525398
1241,0.4755034565674782
1242,0.47670574090772466
1243,0.47520288548241657
1244,0.4758040276525398
1245,0.4758040276525398
1246,0.474902314397355
1247,0.474902314397355
1248,0.4743011722272317
1249,0.4737000300571085
1250,0.4743011722272317
1251,0.4730988878869853
1252,0.4730988878869853
1253,0.4743011722272317
1254,0.474902314397355
1255,0.474902314397355
1256,0.4746017433122934
1257,0.474902314397355
1258,0.474902314397355
1259,0.474902314397355
1260,0.4746017433122934
1261,0.4758040276525398
1262,0.474902314397355
1263,0.4746017433122934
1264,0.4755034565674782
1265,0.4770063119927863
1266,0.4770063119927863
1267,0.478809738503156
1268,0.47790802524797116
1269,0.47820859633303275
1270,0.478809738503156
1271,0.4746017433122934
1272,0.474902314397355
1273,0.4770063119927863
1274,0.47610459873760147
1275,0.47640516982266307
1276,0.4770063119927863
1277,0.4755034565674782
1278,0.47610459873760147
1279,0.47670574090772466
1280,0.4770063119927863
1281,0.47820859633303275
1282,0.47790802524797116
1283,0.4773068830778479
1284,0.47820859633303275
1285,0.4776074541629095
1286,0.4773068830778479
1287,0.4785091674180944
1288,0.4776074541629095
1289,0.47790802524797116
1290,0.4776074541629095
1291,0.4773068830778479
1292,0.47941088067327925
1293,0.47971145175834085
1294,0.47941088067327925
1295,0.47971145175834085
1296,0.48001202284340244
1297,0.4803125939284641
1298,0.47971145175834085
1299,0.4776074541629095
1300,0.4803125939284641
1301,0.48001202284340244
1302,0.48001202284340244
1303,0.4791103095882176
1304,0.4791103095882176
1305,0.47941088067327925
1306,0.48091373609858734
1307,0.48121430718364894
1308,0.4824165915238954
1309,0.4818154493537722
1310,0.48151487826871053
1311,0.48091373609858734
1312,0.4803125939284641
1313,0.4818154493537722
1314,0.48151487826871053
1315,0.4824165915238954
1316,0.4830177336940186
1317,0.48271716260895703
1318,0.48271716260895703
1319,0.48271716260895703
1320,0.4821160204388338
1321,0.48151487826871053
1322,0.4821160204388338
1323,0.48271716260895703
1324,0.48091373609858734
1325,0.47971145175834085
1326,0.48091373609858734
1327,0.48091373609858734
1328,0.4818154493537722
1329,0.4821160204388338
1330,0.4824165915238954
1331,0.4836188758641419
1332,0.4830177336940186
1333,0.4830177336940186
1334,0.4833183047790803
1335,0.48271716260895703
1336,0.4836188758641419
1337,0.47971145175834085
1338,0.4842200180342651
1339,0.4842200180342651
1340,0.48512173128944996
1341,0.48542230237451156
1342,0.4833183047790803
1343,0.4875262999699429
1344,0.48812744214006615
1345,0.4911331529906823
1346,0.4878268710550045
1347,0.4908325819056207
1348,0.4908325819056207
1349,0.49023143973549743
1350,0.48993086865043584
1351,0.48692515779981965
1352,0.4875262999699429
1353,0.4896302975653742
1354,0.4896302975653742
1355,0.4896302975653742
1356,0.48872858431018934
1357,0.48872858431018934
1358,0.489029155395251
1359,0.49023143973549743
1360,0.4905320108205591
1361,0.4908325819056207
1362,0.4920348662458672
1363,0.4917342951608055
1364,0.48872858431018934
1365,0.49383829275623686
1366,0.492936579501052
1367,0.49383829275623686
1368,0.49263600841599037
1369,0.4932371505861136
1370,0.4917342951608055
1371,0.49383829275623686
1372,0.49413886384129846
1373,0.4932371505861136
1374,0.4962428614367298
1375,0.49684400360685305
1376,0.4947400060114217
1377,0.4914337240757439
1378,0.49383829275623686
1379,0.49534114818154495
1380,0.49233543733092877
1381,0.4911331529906823
1382,0.49263600841599037
1383,0.4932371505861136
1384,0.4920348662458672
1385,0.4914337240757439
1386,0.4932371505861136
1387,0.49233543733092877
1388,0.492936579501052
1389,0.49263600841599037
1390,0.4950405770964833
1391,0.4917342951608055
1392,0.49564171926660655
1393,0.49534114818154495
1394,0.4998497144574692
1395,0.4980462879470995
1396,0.5028554253080854
1397,0.503155996393147
1398,0.5040577096483319
1399,0.5037571385632702
1400,0.5055605650736399
1401,0.507063420498948
1402,0.5082657048391944
1403,0.5061617072437632
1404,0.5082657048391944
1405,0.5088668470093177
1406,0.5079651337541329
1407,0.5085662759242561
1408,0.5091674180943794
1409,0.5073639915840096
1410,0.5049594229035167
1411,0.5037571385632702
1412,0.5028554253080854
1413,0.5037571385632702
1414,0.5073639915840096
1415,0.5067628494138864
1416,0.5085662759242561
1417,0.5076645626690712
1418,0.5055605650736399
1419,0.5055605650736399
1420,0.5058611361587015
1421,0.5052599939885783
1422,0.5049594229035167
1423,0.5058611361587015
1424,0.5061617072437632
1425,0.5085662759242561
1426,0.5100691313495642
1427,0.5106702735196874
1428,0.5085662759242561
1429,0.5094679891794409
1430,0.5112714156898106
1431,0.5106702735196874
1432,0.5097685602645026
1433,0.5103697024346258
1434,0.5115719867748723
1435,0.5103697024346258
1436,0.5109708446047491
1437,0.5106702735196874
1438,0.5103697024346258
1439,0.5118725578599339
1440,0.5130748422001803
1441,0.5121731289449954
1442,0.5133754132852419
1443,0.5127742711151188
1444,0.5127742711151188
1445,0.5133754132852419
1446,0.5139765554553652
1447,0.5139765554553652
1448,0.5121731289449954
1449,0.5133754132852419
1450,0.5124737000300571
1451,0.5121731289449954
1452,0.5139765554553652
1453,0.5148782687105501
1454,0.5163811241358581
1455,0.5178839795611662
1456,0.5178839795611662
1457,0.5160805530507965
1458,0.5154794108806733
1459,0.5154794108806733
1460,0.5151788397956116
1461,0.5160805530507965
1462,0.5169822663059813
1463,0.517282837391043
1464,0.5163811241358581
1465,0.5178839795611662
1466,0.517282837391043
1467,0.5181845506462278
1468,0.5190862639014127
1469,0.5190862639014127
1470,0.5199879771565975
1471,0.519687406071536
1472,0.5199879771565975
1473,0.5205891193267208
1474,0.5175834084761046
1475,0.5166816952209198
1476,0.5184851217312895
1477,0.5181845506462278
1478,0.5175834084761046
1479,0.5199879771565975
1480,0.5193868349864743
1481,0.5187856928163511
1482,0.5202885482416592
1483,0.5208896904117823
1484,0.5214908325819057
1485,0.5205891193267208
1486,0.5199879771565975
1487,0.5205891193267208
1488,0.521190261496844
1489,0.5199879771565975
1490,0.5241959723474602
1491,0.5238954012623985
1492,0.523594830177337
1493,0.5232942590922753
1494,0.5220919747520288
1495,0.5238954012623985
1496,0.522693116922152
1497,0.5232942590922753
1498,0.5223925458370905
1499,0.5241959723474602
1500,0.522693116922152
1501,0.523594830177337
1502,0.5232942590922753
1503,0.5256988277727682
1504,0.5238954012623985
1505,0.5238954012623985
1506,0.5253982566877067
1507,0.5269011121130147
1508,0.5262999699428915
1509,0.5269011121130147
1510,0.5284039675383229
1511,0.5281033964532612
1512,0.5284039675383229
1513,0.5281033964532612
1514,0.527502254283138
1515,0.5287045386233844
1516,0.5278028253681996
1517,0.5284039675383229
1518,0.5262999699428915
1519,0.5266005410279531
1520,0.5284039675383229
1521,0.5266005410279531
1522,0.5269011121130147
1523,0.5272016831980764
1524,0.5262999699428915
1525,0.5278028253681996
1526,0.5262999699428915
1527,0.5278028253681996
1528,0.5269011121130147
1529,0.5284039675383229
1530,0.529005109708446
1531,0.529005109708446
1532,0.5299068229636309
1533,0.5293056807935077
1534,0.5278028253681996
1535,0.5293056807935077
1536,0.5293056807935077
1537,0.5302073940486925
1538,0.5296062518785692
1539,0.5287045386233844
1540,0.529005109708446
1541,0.529005109708446
1542,0.5287045386233844
1543,0.5287045386233844
1544,0.5299068229636309
1545,0.5287045386233844
1546,0.5284039675383229
1547,0.5293056807935077
1548,0.5287045386233844
1549,0.5293056807935077
1550,0.5299068229636309
1551,0.5299068229636309
1552,0.5284039675383229
1553,0.5299068229636309
1554,0.5296062518785692
1555,0.5305079651337541
1556,0.5308085362188157
1557,0.5314096783889389
1558,0.5311091073038774
1559,0.5302073940486925
1560,0.5311091073038774
1561,0.5305079651337541
1562,0.5305079651337541
1563,0.5311091073038774
1564,0.5305079651337541
1565,0.5308085362188157
1566,0.5308085362188157
1567,0.5311091073038774
1568,0.5302073940486925
1569,0.5308085362188157
1570,0.5308085362188157
1571,0.5302073940486925
1572,0.5308085362188157
1573,0.5302073940486925
1574,0.5305079651337541
1575,0.5305079651337541
1576,0.5296062518785692
1577,0.5299068229636309
1578,0.5302073940486925
1579,0.5302073940486925
1580,0.5293056807935077
1581,0.5305079651337541
1582,0.529005109708446
1583,0.529005109708446
1584,0.5305079651337541
1585,0.5311091073038774
1586,0.5311091073038774
1587,0.5317102494740006
1588,0.5314096783889389
1589,0.5335136759843703
1590,0.5320108205590622
1591,0.5317102494740006
1592,0.5317102494740006
1593,0.5314096783889389
1594,0.5311091073038774
1595,0.5302073940486925
1596,0.5299068229636309
1597,0.5296062518785692
1598,0.529005109708446
1599,0.529005109708446
1600,0.5293056807935077
1601,0.5305079651337541
1602,0.5293056807935077
1603,0.5302073940486925
1604,0.5302073940486925
1605,0.5320108205590622
1606,0.5326119627291854
1607,0.5323113916441239
1608,0.5323113916441239
1609,0.5329125338142471
1610,0.5314096783889389
1611,0.5317102494740006
1612,0.5317102494740006
1613,0.5314096783889389
1614,0.5323113916441239
1615,0.5332131048993087
1616,0.5332131048993087
1617,0.5329125338142471
1618,0.5326119627291854
1619,0.5323113916441239
1620,0.5344153892395551
1621,0.5347159603246168
1622,0.5344153892395551
1623,0.5341148181544936
1624,0.5335136759843703
1625,0.5338142470694319
1626,0.5344153892395551
1627,0.5338142470694319
1628,0.5341148181544936
1629,0.5344153892395551
1630,0.5341148181544936
1631,0.5344153892395551
1632,0.5347159603246168
1633,0.5341148181544936
1634,0.5332131048993087
1635,0.5344153892395551
1636,0.5329125338142471
1637,0.5317102494740006
1638,0.5314096783889389
1639,0.5314096783889389
1640,0.5302073940486925
1641,0.5317102494740006
1642,0.5314096783889389
1643,0.5314096783889389
1644,0.5314096783889389
1645,0.5305079651337541
1646,0.5314096783889389
1647,0.5317102494740006
1648,0.5311091073038774
1649,0.5311091073038774
1650,0.5317102494740006
1651,0.5317102494740006
1652,0.5335136759843703
1653,0.5335136759843703
1654,0.5341148181544936
1655,0.5356176735798016
1656,0.5365193868349865
1657,0.5362188157499248
1658,0.5335136759843703
1659,0.5338142470694319
1660,0.5344153892395551
1661,0.5344153892395551
1662,0.5344153892395551
1663,0.5344153892395551
1664,0.5344153892395551
1665,0.5350165314096784
1666,0.5350165314096784
1667,0.5347159603246168
1668,0.5341148181544936
1669,0.5344153892395551
1670,0.5344153892395551
1671,0.5344153892395551
1672,0.5338142470694319
1673,0.5338142470694319
1674,0.5332131048993087
1675,0.5335136759843703
1676,0.5338142470694319
1677,0.5335136759843703
1678,0.5338142470694319
1679,0.5344153892395551
1680,0.5347159603246168
1681,0.53531710249474
1682,0.53531710249474
1683,0.5350165314096784
1684,0.5344153892395551
1685,0.5359182446648633
1686,0.5347159603246168
1687,0.5344153892395551
1688,0.5344153892395551
1689,0.5341148181544936
1690,0.5341148181544936
1691,0.5344153892395551
1692,0.5344153892395551
1693,0.5329125338142471
1694,0.5338142470694319
1695,0.5338142470694319
1696,0.5332131048993087
1697,0.5332131048993087
1698,0.5332131048993087
1699,0.5335136759843703
1700,0.5338142470694319
1701,0.5344153892395551
1702,0.5338142470694319
1703,0.5341148181544936
1704,0.5341148181544936
1705,0.5338142470694319
1706,0.5326119627291854
1707,0.5341148181544936
1708,0.5338142470694319
1709,0.5344153892395551
1710,0.5335136759843703
1711,0.5335136759843703
1712,0.5338142470694319
1713,0.5335136759843703
1714,0.5329125338142471
1715,0.5323113916441239
1716,0.5323113916441239
1717,0.5332131048993087
1718,0.5329125338142471
1719,0.5332131048993087
1720,0.5332131048993087
1721,0.5335136759843703
1722,0.5356176735798016
1723,0.5338142470694319
1724,0.5341148181544936
1725,0.5344153892395551
1726,0.5344153892395551
1727,0.5359182446648633
1728,0.5365193868349865
1729,0.537721671175233
1730,0.5374211000901713
1731,0.5371205290051098
1732,0.537721671175233
1733,0.5386233844304178
1734,0.5383228133453561
1735,0.5374211000901713
1736,0.5407273820258491
1737,0.5410279531109107
1738,0.5419296663660956
1739,0.541629095281034
1740,0.5419296663660956
1741,0.5428313796212805
1742,0.5434325217914037
1743,0.545536519386835
1744,0.5452359483017734
1745,0.5467388037270815
1746,0.5467388037270815
1747,0.545536519386835
1748,0.5479410880673279
1749,0.5446348061316502
1750,0.5458370904718967
1751,0.5461376615569582
1752,0.5458370904718967
1753,0.5473399458972047
1754,0.545536519386835
1755,0.5467388037270815
1756,0.5476405169822663
1757,0.5473399458972047
1758,0.5482416591523895
1759,0.5485422302374512
1760,0.5482416591523895
1761,0.5482416591523895
1762,0.5482416591523895
1763,0.5443342350465885
1764,0.5443342350465885
1765,0.5473399458972047
1766,0.5482416591523895
1767,0.5476405169822663
1768,0.5473399458972047
1769,0.5476405169822663
1770,0.5473399458972047
1771,0.5479410880673279
1772,0.5461376615569582
1773,0.5452359483017734
1774,0.5461376615569582
1775,0.5476405169822663
1776,0.5476405169822663
1777,0.5473399458972047
1778,0.5461376615569582
1779,0.5467388037270815
1780,0.5485422302374512
1781,0.5509467989179441
1782,0.5509467989179441
1783,0.5506462278328825
1784,0.5479410880673279
1785,0.5479410880673279
1786,0.5467388037270815
1787,0.547039374812143
1788,0.5479410880673279
1789,0.5473399458972047
1790,0.5473399458972047
1791,0.5488428013225127
1792,0.5491433724075744
1793,0.5473399458972047
1794,0.5479410880673279
1795,0.5479410880673279
1796,0.5467388037270815
1797,0.5464382326420198
1798,0.5473399458972047
1799,0.5464382326420198
1800,0.547039374812143
1801,0.5461376615569582
1802,0.5440336639615269
1803,0.5464382326420198
1804,0.5461376615569582
1805,0.5491433724075744
1806,0.5473399458972047
1807,0.5488428013225127
1808,0.5497445145776976
1809,0.5497445145776976
1810,0.5506462278328825
1811,0.5515479410880674
1812,0.5518485121731289
1813,0.5521490832581906
1814,0.5533513675984371
1815,0.5533513675984371
1816,0.5536519386834986
1817,0.5512473700030057
1818,0.5491433724075744
1819,0.5482416591523895
1820,0.5485422302374512
1821,0.5482416591523895
1822,0.5491433724075744
1823,0.5497445145776976
1824,0.5491433724075744
1825,0.5491433724075744
1826,0.5497445145776976
1827,0.549443943492636
1828,0.5500450856627592
1829,0.5506462278328825
1830,0.5515479410880674
1831,0.5512473700030057
1832,0.5539525097685603
1833,0.5554553651938684
1834,0.5557559362789299
1835,0.5563570784490532
1836,0.5572587917042381
1837,0.5581605049594229
1838,0.5584610760444845
1839,0.5584610760444845
1840,0.5578599338743613
1841,0.5575593627892996
1842,0.5575593627892996
1843,0.5563570784490532
1844,0.5575593627892996
1845,0.5575593627892996
1846,0.5575593627892996
1847,0.562067929065224
1848,0.5602645025548543
1849,0.563570784490532
1850,0.5647730688307785
1851,0.5647730688307785
1852,0.5653742110009017
1853,0.5650736399158401
1854,0.5656747820859633
1855,0.5575593627892996
1856,0.5566576495341148
1857,0.5569582206191764
1858,0.5575593627892996
1859,0.5584610760444845
1860,0.5587616471295461
1861,0.5590622182146078
1862,0.5611662158100391
1863,0.5629696423204088
1864,0.5632702134054703
1865,0.5629696423204088
1866,0.562067929065224
1867,0.5617673579801623
1868,0.5623685001502855
1869,0.5632702134054703
1870,0.5629696423204088
1871,0.5629696423204088
1872,0.5608656447249775
1873,0.5605650736399158
1874,0.5569582206191764
1875,0.5629696423204088
1876,0.5617673579801623
1877,0.5614667868951007
1878,0.5617673579801623
1879,0.5590622182146078
1880,0.5611662158100391
1881,0.5623685001502855
1882,0.562067929065224
1883,0.5602645025548543
1884,0.5611662158100391
1885,0.5626690712353472
1886,0.5623685001502855
1887,0.5608656447249775
1888,0.5593627892996694
1889,0.5605650736399158
1890,0.5632702134054703
1891,0.5632702134054703
1892,0.5626690712353472
1893,0.5626690712353472
1894,0.562067929065224
1895,0.5602645025548543
1896,0.5593627892996694
1897,0.559663360384731
1898,0.5572587917042381
1899,0.5581605049594229
1900,0.5581605049594229
1901,0.5593627892996694
1902,0.559663360384731
1903,0.5599639314697926
1904,0.5599639314697926
1905,0.5599639314697926
1906,0.5602645025548543
1907,0.5605650736399158
1908,0.5602645025548543
1909,0.559663360384731
1910,0.5602645025548543
1911,0.5593627892996694
1912,0.5599639314697926
1913,0.5599639314697926
1914,0.5602645025548543
1915,0.5608656447249775
1916,0.5626690712353472
1917,0.562067929065224
1918,0.5617673579801623
1919,0.5623685001502855
1920,0.5638713555755936
1921,0.5656747820859633
1922,0.565975353171025
1923,0.5650736399158401
1924,0.5662759242560865
1925,0.5653742110009017
1926,0.5644724977457168
1927,0.5641719266606553
1928,0.563570784490532
1929,0.562067929065224
1930,0.5623685001502855
1931,0.5623685001502855
1932,0.562067929065224
1933,0.5614667868951007
1934,0.5614667868951007
1935,0.5629696423204088
1936,0.5668770664262098
1937,0.5695822061917644
1938,0.5692816351067027
1939,0.5689810640216412
1940,0.5686804929365795
1941,0.5695822061917644
1942,0.5695822061917644
1943,0.5704839194469492
1944,0.5707844905320109
1945,0.571385632702134
1946,0.571385632702134
1947,0.5728884881274421
1948,0.573790201382627
1949,0.5752930568079351
1950,0.5758941989780583
1951,0.5758941989780583
1952,0.5743913435527502
1953,0.5770964833183048
1954,0.5779981965734896
1955,0.5788999098286745
1956,0.5798016230838593
1957,0.5798016230838593
1958,0.5804027652539826
1959,0.5819056206792906
1960,0.580102194168921
1961,0.5804027652539826
1962,0.580102194168921
1963,0.5807033363390441
1964,0.5813044785091674
1965,0.5807033363390441
1966,0.5798016230838593
1967,0.5788999098286745
1968,0.5782987676585513
1969,0.5813044785091674
1970,0.5813044785091674
1971,0.5810039074241058
1972,0.5804027652539826
1973,0.5795010519987978
1974,0.5798016230838593
1975,0.5788999098286745
1976,0.5773970544033664
1977,0.5770964833183048
1978,0.5770964833183048
1979,0.5773970544033664
1980,0.5785993387436129
1981,0.5779981965734896
1982,0.5785993387436129
1983,0.5788999098286745
1984,0.5795010519987978
1985,0.5798016230838593
1986,0.580102194168921
1987,0.580102194168921
1988,0.5807033363390441
1989,0.5807033363390441
1990,0.5813044785091674
1991,0.5810039074241058
1992,0.5810039074241058
1993,0.5846107604448452
1994,0.584009618274722
1995,0.5849113315299068
1996,0.58551247370003
1997,0.58551247370003
1998,0.5861136158701533
1999,0.587917042380523
