1,0.16838995568685378
2,0.06757754800590841
3,0.15731166912850814
4,0.07090103397341212
5,0.07016248153618906
6,0.06979320531757754
7,0.07385524372230429
8,0.08124076809453472
9,0.0775480059084195
10,0.0775480059084195
11,0.07791728212703102
12,0.07865583456425407
13,0.07533234859675036
14,0.07607090103397342
15,0.2950516986706056
16,0.3031757754800591
17,0.3039143279172821
18,0.3031757754800591
19,0.3031757754800591
20,0.08604135893648449
21,0.30576070901033975
22,0.30428360413589367
23,0.30428360413589367
24,0.30428360413589367
25,0.30354505169867063
26,0.30465288035450516
27,0.3053914327917282
28,0.3053914327917282
29,0.3050221565731167
30,0.3064992614475628
31,0.3039143279172821
32,0.3031757754800591
33,0.3039143279172821
34,0.3053914327917282
35,0.30612998522895124
36,0.30612998522895124
37,0.3064992614475628
38,0.3064992614475628
39,0.3098227474150665
40,0.31056129985228953
41,0.31462333825701627
42,0.3157311669128508
43,0.3157311669128508
44,0.3157311669128508
45,0.3153618906942393
46,0.310192023633678
47,0.310192023633678
48,0.310192023633678
49,0.310192023633678
50,0.310192023633678
51,0.30945347119645494
52,0.30945347119645494
53,0.310192023633678
54,0.30945347119645494
55,0.31129985228951257
56,0.31129985228951257
57,0.3120384047267356
58,0.3120384047267356
59,0.3120384047267356
60,0.31462333825701627
61,0.3153618906942393
62,0.31462333825701627
63,0.31610044313146235
64,0.31942392909896605
65,0.3179468242245199
66,0.3179468242245199
67,0.31868537666174296
68,0.31868537666174296
69,0.31610044313146235
70,0.31462333825701627
71,0.3153618906942393
72,0.31499261447562776
73,0.3157311669128508
74,0.3168389955686854
75,0.31831610044313147
76,0.31831610044313147
77,0.31831610044313147
78,0.3190546528803545
79,0.3190546528803545
80,0.3689069423929099
81,0.38515509601181686
82,0.38515509601181686
83,0.3892171344165436
84,0.38995568685376664
85,0.3918020679468242
86,0.5096011816838996
87,0.5768094534711965
88,0.5845642540620384
89,0.5908419497784343
90,0.5904726735598228
91,0.5941654357459379
92,0.5941654357459379
93,0.5952732644017725
94,0.664327917282127
95,0.6617429837518464
96,0.6639586410635155
97,0.6850073855243722
98,0.6887001477104875
99,0.6887001477104875
100,0.6887001477104875
101,0.6905465288035451
102,0.6905465288035451
103,0.6901772525849336
104,0.6927621861152142
105,0.6949778434268833
106,0.69903988183161
107,0.7019940915805022
108,0.7031019202363368
109,0.7049483013293943
110,0.7045790251107829
111,0.7097488921713442
112,0.7282127031019202
113,0.7271048744460856
114,0.733751846381093
115,0.7378138847858198
116,0.741506646971935
117,0.742245199409158
118,0.7418759231905465
119,0.757754800590842
120,0.7573855243722304
121,0.7573855243722304
122,0.7570162481536189
123,0.7614475627769571
124,0.7703101920236337
125,0.7688330871491876
126,0.7751107828655834
127,0.7758493353028065
128,0.7887740029542097
129,0.7887740029542097
130,0.7884047267355982
131,0.7957902511078286
132,0.7961595273264401
133,0.7976366322008862
134,0.7980059084194978
135,0.7987444608567208
136,0.7994830132939439
137,0.8002215657311669
138,0.8005908419497785
139,0.8035450516986706
140,0.8039143279172821
141,0.8039143279172821
142,0.8039143279172821
143,0.8035450516986706
144,0.8042836041358936
145,0.803175775480059
146,0.8050221565731167
147,0.8053914327917282
148,0.8053914327917282
149,0.8064992614475628
150,0.8064992614475628
151,0.8057607090103397
152,0.8050221565731167
153,0.8076070901033974
154,0.8064992614475628
155,0.8083456425406204
156,0.8094534711964549
157,0.8090841949778435
158,0.8135155096011817
159,0.8105612998522895
160,0.8094534711964549
161,0.810192023633678
162,0.810192023633678
163,0.8120384047267356
164,0.8116691285081241
165,0.8124076809453471
166,0.8112998522895125
167,0.8116691285081241
168,0.8131462333825702
169,0.810930576070901
170,0.8120384047267356
171,0.8116691285081241
172,0.8120384047267356
173,0.8161004431314623
174,0.8146233382570163
175,0.8149926144756278
176,0.8146233382570163
177,0.8138847858197932
178,0.8135155096011817
179,0.8142540620384048
180,0.8149926144756278
181,0.8190546528803545
182,0.8201624815361891
183,0.8220088626292467
184,0.8220088626292467
185,0.8223781388478582
186,0.8205317577548006
187,0.8197932053175776
188,0.8205317577548006
189,0.8216395864106352
190,0.8220088626292467
191,0.8227474150664698
192,0.8231166912850812
193,0.8245937961595273
194,0.8249630723781388
195,0.8253323485967504
196,0.8257016248153619
197,0.8253323485967504
198,0.8253323485967504
199,0.8253323485967504
200,0.8245937961595273
201,0.8260709010339734
202,0.8260709010339734
203,0.8268094534711965
204,0.8275480059084195
205,0.8275480059084195
206,0.827917282127031
207,0.827917282127031
208,0.8286558345642541
209,0.8286558345642541
210,0.8286558345642541
211,0.8282865583456426
212,0.8275480059084195
213,0.827917282127031
214,0.827178729689808
215,0.827178729689808
216,0.8301329394387001
217,0.8275480059084195
218,0.8282865583456426
219,0.827178729689808
220,0.829394387001477
221,0.8323485967503693
222,0.8338257016248154
223,0.8341949778434269
224,0.8353028064992615
225,0.8353028064992615
226,0.8353028064992615
227,0.8349335302806499
228,0.8353028064992615
229,0.8360413589364845
230,0.8349335302806499
231,0.8330871491875923
232,0.8334564254062038
233,0.8378877400295421
234,0.8393648449039882
235,0.8378877400295421
236,0.8378877400295421
237,0.8397341211225997
238,0.8378877400295421
239,0.8419497784342689
240,0.8426883308714919
241,0.844903988183161
242,0.8452732644017725
243,0.843426883308715
244,0.8426883308714919
245,0.8426883308714919
246,0.8426883308714919
247,0.8430576070901034
248,0.8419497784342689
249,0.8445347119645494
250,0.844903988183161
251,0.8460118168389956
252,0.8445347119645494
253,0.844903988183161
254,0.8445347119645494
255,0.844903988183161
256,0.844903988183161
257,0.844903988183161
258,0.844903988183161
259,0.8452732644017725
260,0.8452732644017725
261,0.845642540620384
262,0.8467503692762186
263,0.8467503692762186
264,0.8463810930576071
265,0.8478581979320532
266,0.8478581979320532
267,0.8474889217134417
268,0.8485967503692762
269,0.8489660265878878
270,0.8489660265878878
271,0.8500738552437223
272,0.8497045790251108
273,0.8482274741506647
274,0.8482274741506647
275,0.8485967503692762
276,0.8485967503692762
277,0.8482274741506647
278,0.8493353028064993
279,0.8489660265878878
280,0.8504431314623339
281,0.8526587887740029
282,0.853397341211226
283,0.8530280649926145
284,0.8522895125553914
285,0.8519202363367799
286,0.8526587887740029
287,0.8526587887740029
288,0.8526587887740029
289,0.8530280649926145
290,0.8526587887740029
291,0.8522895125553914
292,0.8530280649926145
293,0.853397341211226
294,0.8545051698670606
295,0.8537666174298375
296,0.8567208271787297
297,0.8563515509601182
298,0.8556129985228951
299,0.8548744460856721
300,0.8548744460856721
301,0.8552437223042836
302,0.8578286558345642
303,0.8574593796159528
304,0.8574593796159528
305,0.8593057607090103
306,0.8585672082717873
307,0.8589364844903988
308,0.8585672082717873
309,0.8604135893648449
310,0.8604135893648449
311,0.8607828655834564
312,0.8607828655834564
313,0.8607828655834564
314,0.8607828655834564
315,0.8615214180206795
316,0.8615214180206795
317,0.8615214180206795
318,0.8615214180206795
319,0.8622599704579025
320,0.8622599704579025
321,0.8622599704579025
322,0.861890694239291
323,0.8622599704579025
324,0.861890694239291
325,0.8604135893648449
326,0.8604135893648449
327,0.8600443131462334
328,0.8611521418020679
329,0.8607828655834564
330,0.8596750369276218
331,0.8593057607090103
332,0.8600443131462334
333,0.8604135893648449
334,0.8607828655834564
335,0.8611521418020679
336,0.8607828655834564
337,0.8611521418020679
338,0.8615214180206795
339,0.8611521418020679
340,0.861890694239291
341,0.861890694239291
342,0.8633677991137371
343,0.8626292466765141
344,0.8622599704579025
345,0.8633677991137371
346,0.8629985228951256
347,0.8626292466765141
348,0.8633677991137371
349,0.8622599704579025
350,0.8626292466765141
351,0.8629985228951256
352,0.8622599704579025
353,0.8622599704579025
354,0.8626292466765141
355,0.8629985228951256
356,0.8622599704579025
357,0.8622599704579025
358,0.861890694239291
359,0.8615214180206795
360,0.8615214180206795
361,0.8615214180206795
362,0.8615214180206795
363,0.8629985228951256
364,0.8633677991137371
365,0.8633677991137371
366,0.8637370753323486
367,0.8644756277695717
368,0.8648449039881831
369,0.8655834564254062
370,0.8659527326440177
371,0.8655834564254062
372,0.8655834564254062
373,0.8670605612998523
374,0.8670605612998523
375,0.8674298375184638
376,0.8674298375184638
377,0.8677991137370753
378,0.8670605612998523
379,0.8670605612998523
380,0.8685376661742984
381,0.869645494830133
382,0.8692762186115214
383,0.8685376661742984
384,0.8689069423929099
385,0.8689069423929099
386,0.8689069423929099
387,0.8689069423929099
388,0.8689069423929099
389,0.8689069423929099
390,0.8692762186115214
391,0.8692762186115214
392,0.8689069423929099
393,0.8681683899556869
394,0.8677991137370753
395,0.8681683899556869
396,0.8689069423929099
397,0.8700147710487445
398,0.8711225997045791
399,0.8714918759231906
400,0.8711225997045791
401,0.8711225997045791
402,0.8711225997045791
403,0.8707533234859675
404,0.8707533234859675
405,0.870384047267356
406,0.8711225997045791
407,0.8700147710487445
408,0.869645494830133
409,0.8692762186115214
410,0.8692762186115214
411,0.870384047267356
412,0.870384047267356
413,0.8700147710487445
414,0.8711225997045791
415,0.8714918759231906
416,0.871861152141802
417,0.871861152141802
418,0.8711225997045791
419,0.8711225997045791
420,0.8711225997045791
421,0.8711225997045791
422,0.8711225997045791
423,0.8707533234859675
424,0.8711225997045791
425,0.871861152141802
426,0.8714918759231906
427,0.8714918759231906
428,0.8714918759231906
429,0.8714918759231906
430,0.8714918759231906
431,0.8714918759231906
432,0.8714918759231906
433,0.871861152141802
434,0.8722304283604135
435,0.8722304283604135
436,0.871861152141802
437,0.871861152141802
438,0.8722304283604135
439,0.8722304283604135
440,0.8722304283604135
441,0.8722304283604135
442,0.871861152141802
443,0.8733382570162481
444,0.8740768094534712
445,0.8740768094534712
446,0.8744460856720827
447,0.8740768094534712
448,0.8740768094534712
449,0.8740768094534712
450,0.8740768094534712
451,0.8740768094534712
452,0.8748153618906942
453,0.8748153618906942
454,0.8755539143279173
455,0.8748153618906942
456,0.8748153618906942
457,0.8755539143279173
458,0.8759231905465288
459,0.8759231905465288
460,0.8755539143279173
461,0.8755539143279173
462,0.8762924667651403
463,0.8759231905465288
464,0.8762924667651403
465,0.8766617429837519
466,0.8766617429837519
467,0.8770310192023634
468,0.8770310192023634
469,0.8766617429837519
470,0.8766617429837519
471,0.8762924667651403
472,0.8770310192023634
473,0.8762924667651403
474,0.8774002954209749
475,0.878138847858198
476,0.878138847858198
477,0.8777695716395865
478,0.8777695716395865
479,0.8777695716395865
480,0.8777695716395865
481,0.8777695716395865
482,0.8777695716395865
483,0.8777695716395865
484,0.8785081240768094
485,0.8785081240768094
486,0.8777695716395865
487,0.8777695716395865
488,0.8788774002954209
489,0.8785081240768094
490,0.879615952732644
491,0.8799852289512555
492,0.8792466765140325
493,0.880354505169867
494,0.8799852289512555
495,0.879615952732644
496,0.879615952732644
497,0.8799852289512555
498,0.880354505169867
499,0.880354505169867
500,0.8799852289512555
501,0.8799852289512555
502,0.880354505169867
503,0.879615952732644
504,0.879615952732644
505,0.879615952732644
506,0.8799852289512555
507,0.880354505169867
508,0.8807237813884786
509,0.8810930576070901
510,0.880354505169867
511,0.8810930576070901
512,0.8814623338257016
513,0.8814623338257016
514,0.8814623338257016
515,0.8814623338257016
516,0.8818316100443131
517,0.8822008862629247
518,0.8825701624815362
519,0.8825701624815362
520,0.8825701624815362
521,0.8825701624815362
522,0.8825701624815362
523,0.8825701624815362
524,0.8825701624815362
525,0.8825701624815362
526,0.8825701624815362
527,0.8825701624815362
528,0.8825701624815362
529,0.8825701624815362
530,0.8829394387001477
531,0.8829394387001477
532,0.8829394387001477
533,0.8829394387001477
534,0.8829394387001477
535,0.8829394387001477
536,0.8829394387001477
537,0.8829394387001477
538,0.8829394387001477
539,0.8829394387001477
540,0.8829394387001477
541,0.8829394387001477
542,0.8829394387001477
543,0.8829394387001477
544,0.8829394387001477
545,0.8829394387001477
546,0.8829394387001477
547,0.8829394387001477
548,0.8829394387001477
549,0.8829394387001477
550,0.8829394387001477
551,0.8829394387001477
552,0.8829394387001477
553,0.8829394387001477
554,0.8829394387001477
555,0.8829394387001477
556,0.8833087149187593
557,0.8833087149187593
558,0.8833087149187593
559,0.8836779911373708
560,0.8836779911373708
561,0.8836779911373708
562,0.8836779911373708
563,0.8836779911373708
564,0.8836779911373708
565,0.8836779911373708
566,0.8836779911373708
567,0.8836779911373708
568,0.8836779911373708
569,0.8836779911373708
570,0.8836779911373708
571,0.8836779911373708
572,0.8844165435745938
573,0.8844165435745938
574,0.8844165435745938
575,0.8844165435745938
576,0.8844165435745938
577,0.8844165435745938
578,0.8847858197932054
579,0.8847858197932054
580,0.8847858197932054
581,0.8847858197932054
582,0.8847858197932054
583,0.8847858197932054
584,0.8847858197932054
585,0.8847858197932054
586,0.8847858197932054
587,0.8847858197932054
588,0.8847858197932054
589,0.8847858197932054
590,0.8847858197932054
591,0.8847858197932054
592,0.8847858197932054
593,0.8847858197932054
594,0.8851550960118169
595,0.8851550960118169
596,0.8851550960118169
597,0.8851550960118169
598,0.8851550960118169
599,0.8855243722304283
600,0.8847858197932054
601,0.8844165435745938
602,0.8844165435745938
603,0.8851550960118169
604,0.8858936484490398
605,0.8855243722304283
606,0.8858936484490398
607,0.8858936484490398
608,0.8866322008862629
609,0.8866322008862629
610,0.8870014771048744
611,0.888109305760709
612,0.8877400295420975
613,0.8877400295420975
614,0.8870014771048744
615,0.8873707533234859
616,0.8870014771048744
617,0.8870014771048744
618,0.8870014771048744
619,0.8870014771048744
620,0.8870014771048744
621,0.8873707533234859
622,0.8877400295420975
623,0.8877400295420975
624,0.888109305760709
625,0.888109305760709
626,0.8884785819793205
627,0.8877400295420975
628,0.888109305760709
629,0.888109305760709
630,0.8888478581979321
631,0.8888478581979321
632,0.8903249630723782
633,0.8903249630723782
634,0.8903249630723782
635,0.8903249630723782
636,0.8903249630723782
637,0.8895864106351551
638,0.8899556868537666
639,0.8903249630723782
640,0.8906942392909897
641,0.8910635155096012
642,0.8899556868537666
643,0.8899556868537666
644,0.8903249630723782
645,0.8899556868537666
646,0.8899556868537666
647,0.8899556868537666
648,0.8895864106351551
649,0.8903249630723782
650,0.8903249630723782
651,0.8903249630723782
652,0.8903249630723782
653,0.8906942392909897
654,0.8906942392909897
655,0.8906942392909897
656,0.8906942392909897
657,0.8910635155096012
658,0.8910635155096012
659,0.8914327917282127
660,0.8906942392909897
661,0.8906942392909897
662,0.8910635155096012
663,0.8918020679468243
664,0.8914327917282127
665,0.8918020679468243
666,0.8914327917282127
667,0.8918020679468243
668,0.8918020679468243
669,0.8918020679468243
670,0.8914327917282127
671,0.8918020679468243
672,0.8925406203840472
673,0.8932791728212703
674,0.8932791728212703
675,0.8929098966026587
676,0.8925406203840472
677,0.8925406203840472
678,0.8925406203840472
679,0.8918020679468243
680,0.8925406203840472
681,0.8921713441654358
682,0.8929098966026587
683,0.8929098966026587
684,0.8932791728212703
685,0.8932791728212703
686,0.8932791728212703
687,0.8929098966026587
688,0.8925406203840472
689,0.8925406203840472
690,0.8925406203840472
691,0.8925406203840472
692,0.8925406203840472
693,0.8906942392909897
694,0.8910635155096012
695,0.8910635155096012
696,0.8910635155096012
697,0.8910635155096012
698,0.8910635155096012
699,0.8906942392909897
700,0.8925406203840472
701,0.8914327917282127
702,0.8914327917282127
703,0.8918020679468243
704,0.8921713441654358
705,0.8921713441654358
706,0.8918020679468243
707,0.8918020679468243
708,0.8921713441654358
709,0.8921713441654358
710,0.8921713441654358
711,0.8918020679468243
712,0.8914327917282127
713,0.8921713441654358
714,0.8918020679468243
715,0.8929098966026587
716,0.8929098966026587
717,0.8936484490398818
718,0.8932791728212703
719,0.8929098966026587
720,0.8943870014771049
721,0.8943870014771049
722,0.8943870014771049
723,0.8940177252584933
724,0.8936484490398818
725,0.8940177252584933
726,0.8943870014771049
727,0.8943870014771049
728,0.8940177252584933
729,0.8940177252584933
730,0.8940177252584933
731,0.8943870014771049
732,0.8940177252584933
733,0.8940177252584933
734,0.8940177252584933
735,0.8940177252584933
736,0.8936484490398818
737,0.8940177252584933
738,0.8940177252584933
739,0.8943870014771049
740,0.8943870014771049
741,0.8943870014771049
742,0.8943870014771049
743,0.8947562776957164
744,0.8951255539143279
745,0.8947562776957164
746,0.8943870014771049
747,0.8936484490398818
748,0.8932791728212703
749,0.8936484490398818
750,0.8940177252584933
751,0.8943870014771049
752,0.8947562776957164
753,0.8940177252584933
754,0.8940177252584933
755,0.8940177252584933
756,0.8940177252584933
757,0.8940177252584933
758,0.8940177252584933
759,0.8936484490398818
760,0.8940177252584933
761,0.8943870014771049
762,0.8943870014771049
763,0.8943870014771049
764,0.8943870014771049
765,0.895864106351551
766,0.8954948301329394
767,0.895864106351551
768,0.895864106351551
769,0.895864106351551
770,0.896602658788774
771,0.895864106351551
772,0.895864106351551
773,0.895864106351551
774,0.8962333825701625
775,0.895864106351551
776,0.895864106351551
777,0.8951255539143279
778,0.895864106351551
779,0.895864106351551
780,0.8962333825701625
781,0.896602658788774
782,0.896602658788774
783,0.896602658788774
784,0.8973412112259971
785,0.8973412112259971
786,0.8973412112259971
787,0.8977104874446086
788,0.8977104874446086
789,0.8973412112259971
790,0.8973412112259971
791,0.8980797636632201
792,0.8984490398818316
793,0.8984490398818316
794,0.8988183161004432
795,0.8988183161004432
796,0.8991875923190547
797,0.8991875923190547
798,0.8988183161004432
799,0.8988183161004432
800,0.8988183161004432
801,0.8991875923190547
802,0.8991875923190547
803,0.8991875923190547
804,0.8995568685376661
805,0.8991875923190547
806,0.8991875923190547
807,0.8991875923190547
808,0.8991875923190547
809,0.8991875923190547
810,0.8991875923190547
811,0.8991875923190547
812,0.8988183161004432
813,0.8988183161004432
814,0.8995568685376661
815,0.8995568685376661
816,0.8995568685376661
817,0.9002954209748892
818,0.9002954209748892
819,0.8995568685376661
820,0.8999261447562777
821,0.8995568685376661
822,0.8995568685376661
823,0.8999261447562777
824,0.8995568685376661
825,0.8999261447562777
826,0.8999261447562777
827,0.9010339734121122
828,0.9010339734121122
829,0.9010339734121122
830,0.9010339734121122
831,0.9006646971935007
832,0.9006646971935007
833,0.9010339734121122
834,0.9002954209748892
835,0.9002954209748892
836,0.9006646971935007
837,0.9014032496307238
838,0.9014032496307238
839,0.9006646971935007
840,0.9017725258493353
841,0.9025110782865583
842,0.9025110782865583
843,0.9021418020679468
844,0.9021418020679468
845,0.9025110782865583
846,0.9021418020679468
847,0.9014032496307238
848,0.9014032496307238
849,0.9010339734121122
850,0.9006646971935007
851,0.9006646971935007
852,0.9025110782865583
853,0.9025110782865583
854,0.9032496307237814
855,0.9039881831610044
856,0.9039881831610044
857,0.9036189069423929
858,0.9036189069423929
859,0.904357459379616
860,0.904357459379616
861,0.9036189069423929
862,0.9036189069423929
863,0.9036189069423929
864,0.9036189069423929
865,0.9032496307237814
866,0.9036189069423929
867,0.9036189069423929
868,0.9032496307237814
869,0.9036189069423929
870,0.9032496307237814
871,0.9032496307237814
872,0.9036189069423929
873,0.9032496307237814
874,0.9025110782865583
875,0.9025110782865583
876,0.9039881831610044
877,0.904357459379616
878,0.9047267355982275
879,0.904357459379616
880,0.9047267355982275
881,0.904357459379616
882,0.9047267355982275
883,0.9047267355982275
884,0.9054652880354506
885,0.9054652880354506
886,0.9062038404726735
887,0.9058345642540621
888,0.9058345642540621
889,0.9058345642540621
890,0.9054652880354506
891,0.9062038404726735
892,0.9062038404726735
893,0.9062038404726735
894,0.9062038404726735
895,0.9058345642540621
896,0.9058345642540621
897,0.9058345642540621
898,0.905096011816839
899,0.9054652880354506
900,0.9058345642540621
901,0.9058345642540621
902,0.9058345642540621
903,0.9062038404726735
904,0.9062038404726735
905,0.9062038404726735
906,0.9054652880354506
907,0.9054652880354506
908,0.9054652880354506
909,0.9054652880354506
910,0.9054652880354506
911,0.9058345642540621
912,0.9058345642540621
913,0.9054652880354506
914,0.9058345642540621
915,0.9058345642540621
916,0.9054652880354506
917,0.9058345642540621
918,0.9058345642540621
919,0.9058345642540621
920,0.9069423929098966
921,0.906573116691285
922,0.9073116691285081
923,0.9076809453471196
924,0.9076809453471196
925,0.9073116691285081
926,0.9076809453471196
927,0.9073116691285081
928,0.9076809453471196
929,0.9069423929098966
930,0.9069423929098966
931,0.9069423929098966
932,0.9069423929098966
933,0.9069423929098966
934,0.9069423929098966
935,0.9069423929098966
936,0.9069423929098966
937,0.9069423929098966
938,0.9069423929098966
939,0.9069423929098966
940,0.9076809453471196
941,0.9080502215657311
942,0.9084194977843427
943,0.9087887740029542
944,0.9087887740029542
945,0.9080502215657311
946,0.9080502215657311
947,0.9076809453471196
948,0.9084194977843427
949,0.9084194977843427
950,0.9084194977843427
951,0.9087887740029542
952,0.9095273264401772
953,0.9095273264401772
954,0.9095273264401772
955,0.9091580502215657
956,0.9091580502215657
957,0.9091580502215657
958,0.9091580502215657
959,0.9091580502215657
960,0.9091580502215657
961,0.9091580502215657
962,0.9091580502215657
963,0.9095273264401772
964,0.9095273264401772
965,0.9098966026587888
966,0.9098966026587888
967,0.9095273264401772
968,0.9095273264401772
969,0.9098966026587888
970,0.9098966026587888
971,0.9098966026587888
972,0.9098966026587888
973,0.9098966026587888
974,0.9098966026587888
975,0.9102658788774003
976,0.9106351550960118
977,0.9106351550960118
978,0.9110044313146234
979,0.9106351550960118
980,0.9110044313146234
981,0.9110044313146234
982,0.9110044313146234
983,0.9113737075332349
984,0.9113737075332349
985,0.9110044313146234
986,0.9110044313146234
987,0.9110044313146234
988,0.9110044313146234
989,0.9110044313146234
990,0.9110044313146234
991,0.9110044313146234
992,0.9106351550960118
993,0.9110044313146234
994,0.9110044313146234
995,0.9110044313146234
996,0.9110044313146234
997,0.9110044313146234
998,0.9110044313146234
999,0.9110044313146234
1000,0.9106351550960118
1001,0.9106351550960118
1002,0.9106351550960118
1003,0.9106351550960118
1004,0.9106351550960118
1005,0.9110044313146234
1006,0.9110044313146234
1007,0.9110044313146234
1008,0.9110044313146234
1009,0.9110044313146234
1010,0.9113737075332349
1011,0.9113737075332349
1012,0.9113737075332349
1013,0.9110044313146234
1014,0.9110044313146234
1015,0.9113737075332349
1016,0.9110044313146234
1017,0.9113737075332349
1018,0.9110044313146234
1019,0.9110044313146234
1020,0.9110044313146234
1021,0.9113737075332349
1022,0.9117429837518464
1023,0.9117429837518464
1024,0.9117429837518464
1025,0.9117429837518464
1026,0.9117429837518464
1027,0.9117429837518464
1028,0.9113737075332349
1029,0.9113737075332349
1030,0.9113737075332349
1031,0.9124815361890695
1032,0.9121122599704579
1033,0.9121122599704579
1034,0.9113737075332349
1035,0.9113737075332349
1036,0.9113737075332349
1037,0.9117429837518464
1038,0.9121122599704579
1039,0.9117429837518464
1040,0.9121122599704579
1041,0.9117429837518464
1042,0.9117429837518464
1043,0.9113737075332349
1044,0.9117429837518464
1045,0.9117429837518464
1046,0.9113737075332349
1047,0.9121122599704579
1048,0.9124815361890695
1049,0.9124815361890695
1050,0.912850812407681
1051,0.912850812407681
1052,0.912850812407681
1053,0.912850812407681
1054,0.9121122599704579
1055,0.9124815361890695
1056,0.9124815361890695
1057,0.9124815361890695
1058,0.9121122599704579
1059,0.9121122599704579
1060,0.9124815361890695
1061,0.9124815361890695
1062,0.9121122599704579
1063,0.9121122599704579
1064,0.9121122599704579
1065,0.9113737075332349
1066,0.9113737075332349
1067,0.9117429837518464
1068,0.9117429837518464
1069,0.9117429837518464
1070,0.9124815361890695
1071,0.9121122599704579
1072,0.9121122599704579
1073,0.9121122599704579
1074,0.9124815361890695
1075,0.912850812407681
1076,0.9124815361890695
1077,0.9124815361890695
1078,0.9124815361890695
1079,0.9124815361890695
1080,0.9124815361890695
1081,0.9124815361890695
1082,0.9124815361890695
1083,0.9124815361890695
1084,0.9124815361890695
1085,0.9124815361890695
1086,0.9132200886262924
1087,0.912850812407681
1088,0.912850812407681
1089,0.912850812407681
1090,0.9135893648449039
1091,0.9132200886262924
1092,0.9132200886262924
1093,0.9132200886262924
1094,0.912850812407681
1095,0.9121122599704579
1096,0.9124815361890695
1097,0.9124815361890695
1098,0.912850812407681
1099,0.912850812407681
1100,0.9135893648449039
1101,0.9139586410635155
1102,0.9139586410635155
1103,0.9139586410635155
1104,0.9139586410635155
1105,0.914327917282127
1106,0.914327917282127
1107,0.914327917282127
1108,0.914327917282127
1109,0.9139586410635155
1110,0.914327917282127
1111,0.914327917282127
1112,0.9146971935007385
1113,0.9139586410635155
1114,0.9146971935007385
1115,0.9154357459379616
1116,0.9158050221565731
1117,0.9158050221565731
1118,0.9161742983751846
1119,0.9169128508124077
1120,0.9165435745937962
1121,0.9169128508124077
1122,0.9169128508124077
1123,0.9165435745937962
1124,0.9165435745937962
1125,0.9165435745937962
1126,0.9169128508124077
1127,0.9169128508124077
1128,0.9169128508124077
1129,0.9161742983751846
1130,0.9165435745937962
1131,0.9169128508124077
1132,0.9169128508124077
1133,0.9172821270310192
1134,0.9172821270310192
1135,0.9172821270310192
1136,0.9172821270310192
1137,0.9176514032496307
1138,0.9176514032496307
1139,0.9176514032496307
1140,0.9176514032496307
1141,0.9176514032496307
1142,0.9180206794682423
1143,0.9183899556868538
1144,0.9183899556868538
1145,0.9183899556868538
1146,0.9176514032496307
1147,0.9187592319054653
1148,0.9183899556868538
1149,0.9187592319054653
1150,0.9187592319054653
1151,0.9187592319054653
1152,0.9187592319054653
1153,0.9191285081240768
1154,0.9187592319054653
1155,0.9187592319054653
1156,0.9187592319054653
1157,0.9187592319054653
1158,0.9187592319054653
1159,0.9194977843426884
1160,0.9198670605612999
1161,0.9194977843426884
1162,0.9191285081240768
1163,0.9194977843426884
1164,0.9194977843426884
1165,0.9194977843426884
1166,0.9202363367799113
1167,0.9198670605612999
1168,0.9202363367799113
1169,0.920605612998523
1170,0.9209748892171344
1171,0.9213441654357459
1172,0.9213441654357459
1173,0.9213441654357459
1174,0.9202363367799113
1175,0.920605612998523
1176,0.9202363367799113
1177,0.9202363367799113
1178,0.9202363367799113
1179,0.9198670605612999
1180,0.9194977843426884
1181,0.9198670605612999
1182,0.9191285081240768
1183,0.9194977843426884
1184,0.9194977843426884
1185,0.9194977843426884
1186,0.9198670605612999
1187,0.9202363367799113
1188,0.9202363367799113
1189,0.9198670605612999
1190,0.9198670605612999
1191,0.9194977843426884
1192,0.9194977843426884
1193,0.9194977843426884
1194,0.9194977843426884
1195,0.9191285081240768
1196,0.9194977843426884
1197,0.9194977843426884
1198,0.9202363367799113
1199,0.9198670605612999
1200,0.9202363367799113
1201,0.9202363367799113
1202,0.9198670605612999
1203,0.9198670605612999
1204,0.9198670605612999
1205,0.9202363367799113
1206,0.9202363367799113
1207,0.9202363367799113
1208,0.9202363367799113
1209,0.9202363367799113
1210,0.9202363367799113
1211,0.9202363367799113
1212,0.9202363367799113
1213,0.9202363367799113
1214,0.9202363367799113
1215,0.9202363367799113
1216,0.9202363367799113
1217,0.9202363367799113
1218,0.9202363367799113
1219,0.9202363367799113
1220,0.920605612998523
1221,0.920605612998523
1222,0.920605612998523
1223,0.920605612998523
1224,0.920605612998523
1225,0.920605612998523
1226,0.920605612998523
1227,0.920605612998523
1228,0.920605612998523
1229,0.920605612998523
1230,0.920605612998523
1231,0.920605612998523
1232,0.9209748892171344
1233,0.9213441654357459
1234,0.9213441654357459
1235,0.9213441654357459
1236,0.9213441654357459
1237,0.9213441654357459
1238,0.9213441654357459
1239,0.9213441654357459
1240,0.9217134416543574
1241,0.9217134416543574
1242,0.9217134416543574
1243,0.922082717872969
1244,0.922082717872969
1245,0.922082717872969
1246,0.922082717872969
1247,0.922821270310192
1248,0.922821270310192
1249,0.922821270310192
1250,0.922821270310192
1251,0.922821270310192
1252,0.922821270310192
1253,0.922821270310192
1254,0.922821270310192
1255,0.922821270310192
1256,0.922821270310192
1257,0.9224519940915805
1258,0.922821270310192
1259,0.922821270310192
1260,0.9231905465288035
1261,0.922821270310192
1262,0.922821270310192
1263,0.922821270310192
1264,0.9235598227474151
1265,0.9239290989660266
1266,0.9239290989660266
1267,0.9239290989660266
1268,0.9246676514032496
1269,0.9246676514032496
1270,0.9246676514032496
1271,0.9239290989660266
1272,0.9242983751846381
1273,0.9242983751846381
1274,0.9242983751846381
1275,0.9242983751846381
1276,0.9242983751846381
1277,0.9242983751846381
1278,0.9242983751846381
1279,0.9250369276218612
1280,0.9250369276218612
1281,0.9254062038404727
1282,0.9246676514032496
1283,0.9246676514032496
1284,0.9246676514032496
1285,0.9246676514032496
1286,0.9246676514032496
1287,0.9250369276218612
1288,0.9250369276218612
1289,0.9250369276218612
1290,0.9250369276218612
1291,0.9250369276218612
1292,0.9250369276218612
1293,0.9250369276218612
1294,0.9250369276218612
1295,0.9250369276218612
1296,0.9257754800590842
1297,0.9257754800590842
1298,0.9257754800590842
1299,0.9257754800590842
1300,0.9257754800590842
1301,0.9261447562776958
1302,0.9257754800590842
1303,0.9261447562776958
1304,0.9257754800590842
1305,0.9254062038404727
1306,0.9261447562776958
1307,0.9257754800590842
1308,0.9261447562776958
1309,0.9257754800590842
1310,0.9257754800590842
1311,0.9257754800590842
1312,0.9261447562776958
1313,0.9257754800590842
1314,0.9254062038404727
1315,0.9254062038404727
1316,0.9261447562776958
1317,0.9261447562776958
1318,0.9265140324963073
1319,0.9257754800590842
1320,0.9257754800590842
1321,0.9257754800590842
1322,0.9261447562776958
1323,0.9261447562776958
1324,0.9272525849335302
1325,0.9268833087149188
1326,0.9268833087149188
1327,0.9265140324963073
1328,0.9265140324963073
1329,0.9265140324963073
1330,0.9268833087149188
1331,0.9272525849335302
1332,0.9268833087149188
1333,0.9261447562776958
1334,0.9265140324963073
1335,0.9265140324963073
1336,0.9265140324963073
1337,0.9261447562776958
1338,0.9268833087149188
1339,0.9272525849335302
1340,0.9276218611521418
1341,0.9272525849335302
1342,0.9272525849335302
1343,0.9272525849335302
1344,0.9276218611521418
1345,0.9272525849335302
1346,0.9276218611521418
1347,0.9290989660265879
1348,0.9287296898079763
1349,0.9294682422451994
1350,0.9290989660265879
1351,0.9298375184638109
1352,0.9290989660265879
1353,0.9290989660265879
1354,0.9290989660265879
1355,0.9290989660265879
1356,0.9290989660265879
1357,0.9298375184638109
1358,0.9298375184638109
1359,0.9298375184638109
1360,0.9298375184638109
1361,0.9294682422451994
1362,0.9294682422451994
1363,0.9294682422451994
1364,0.9294682422451994
1365,0.9294682422451994
1366,0.9298375184638109
1367,0.9298375184638109
1368,0.9298375184638109
1369,0.930576070901034
1370,0.930576070901034
1371,0.9309453471196455
1372,0.9309453471196455
1373,0.9309453471196455
1374,0.9309453471196455
1375,0.931314623338257
1376,0.931314623338257
1377,0.931314623338257
1378,0.9309453471196455
1379,0.931314623338257
1380,0.930576070901034
1381,0.9309453471196455
1382,0.9309453471196455
1383,0.9316838995568686
1384,0.9316838995568686
1385,0.9316838995568686
1386,0.9324224519940916
1387,0.9324224519940916
1388,0.9324224519940916
1389,0.9324224519940916
1390,0.9327917282127031
1391,0.9324224519940916
1392,0.9324224519940916
1393,0.9327917282127031
1394,0.9327917282127031
1395,0.9324224519940916
1396,0.9324224519940916
1397,0.9324224519940916
1398,0.9324224519940916
1399,0.9327917282127031
1400,0.9324224519940916
1401,0.9324224519940916
1402,0.9327917282127031
1403,0.9324224519940916
1404,0.9324224519940916
1405,0.9324224519940916
1406,0.9324224519940916
1407,0.9324224519940916
1408,0.9324224519940916
1409,0.9324224519940916
1410,0.9324224519940916
1411,0.9324224519940916
1412,0.9324224519940916
1413,0.9324224519940916
1414,0.9324224519940916
1415,0.9324224519940916
1416,0.9324224519940916
1417,0.9324224519940916
1418,0.9324224519940916
1419,0.9324224519940916
1420,0.9324224519940916
1421,0.9324224519940916
1422,0.9324224519940916
1423,0.9324224519940916
1424,0.9324224519940916
1425,0.9324224519940916
1426,0.9324224519940916
1427,0.9324224519940916
1428,0.9324224519940916
1429,0.9324224519940916
1430,0.9324224519940916
1431,0.9324224519940916
1432,0.9324224519940916
1433,0.9324224519940916
1434,0.9324224519940916
1435,0.9324224519940916
1436,0.9324224519940916
1437,0.9324224519940916
1438,0.9324224519940916
1439,0.9324224519940916
1440,0.9324224519940916
1441,0.9324224519940916
1442,0.9324224519940916
1443,0.9324224519940916
1444,0.9324224519940916
1445,0.9324224519940916
1446,0.9324224519940916
1447,0.9324224519940916
1448,0.9324224519940916
1449,0.9324224519940916
1450,0.9324224519940916
1451,0.9324224519940916
1452,0.9324224519940916
1453,0.9324224519940916
1454,0.9324224519940916
1455,0.9324224519940916
1456,0.9324224519940916
1457,0.9324224519940916
1458,0.9324224519940916
1459,0.9324224519940916
1460,0.9324224519940916
1461,0.9324224519940916
1462,0.9324224519940916
1463,0.9324224519940916
1464,0.9324224519940916
1465,0.9324224519940916
1466,0.9324224519940916
1467,0.9327917282127031
1468,0.9327917282127031
1469,0.9327917282127031
1470,0.9327917282127031
1471,0.9331610044313147
1472,0.9331610044313147
1473,0.9331610044313147
1474,0.9331610044313147
1475,0.9331610044313147
1476,0.9331610044313147
1477,0.9335302806499262
1478,0.9331610044313147
1479,0.9335302806499262
1480,0.9335302806499262
1481,0.9338995568685377
1482,0.9331610044313147
1483,0.9331610044313147
1484,0.9331610044313147
1485,0.9331610044313147
1486,0.9331610044313147
1487,0.9331610044313147
1488,0.9335302806499262
1489,0.9335302806499262
1490,0.9335302806499262
1491,0.9335302806499262
1492,0.9335302806499262
1493,0.9338995568685377
1494,0.9338995568685377
1495,0.9338995568685377
1496,0.9346381093057607
1497,0.9346381093057607
1498,0.9350073855243722
1499,0.9342688330871491
1500,0.9342688330871491
1501,0.9342688330871491
1502,0.9346381093057607
1503,0.9346381093057607
1504,0.9346381093057607
1505,0.9346381093057607
1506,0.9353766617429837
1507,0.9353766617429837
1508,0.9353766617429837
1509,0.9353766617429837
1510,0.9357459379615952
1511,0.9357459379615952
1512,0.9357459379615952
1513,0.9353766617429837
1514,0.9353766617429837
1515,0.9353766617429837
1516,0.9368537666174298
1517,0.9368537666174298
1518,0.9368537666174298
1519,0.9368537666174298
1520,0.9368537666174298
1521,0.9364844903988183
1522,0.9361152141802068
1523,0.9361152141802068
1524,0.9361152141802068
1525,0.9361152141802068
1526,0.9361152141802068
1527,0.9368537666174298
1528,0.9368537666174298
1529,0.9368537666174298
1530,0.9368537666174298
1531,0.9368537666174298
1532,0.9364844903988183
1533,0.9364844903988183
1534,0.9364844903988183
1535,0.9364844903988183
1536,0.9364844903988183
1537,0.9368537666174298
1538,0.9368537666174298
1539,0.9368537666174298
1540,0.9368537666174298
1541,0.9368537666174298
1542,0.9364844903988183
1543,0.9364844903988183
1544,0.9364844903988183
1545,0.9364844903988183
1546,0.9364844903988183
1547,0.9364844903988183
1548,0.9364844903988183
1549,0.9368537666174298
1550,0.9368537666174298
1551,0.9368537666174298
1552,0.9368537666174298
1553,0.9368537666174298
1554,0.9372230428360414
1555,0.9372230428360414
1556,0.9372230428360414
1557,0.9372230428360414
1558,0.9372230428360414
1559,0.9372230428360414
1560,0.9372230428360414
1561,0.9368537666174298
1562,0.9372230428360414
1563,0.9372230428360414
1564,0.9368537666174298
1565,0.9372230428360414
1566,0.9379615952732644
1567,0.9375923190546529
1568,0.9375923190546529
1569,0.9372230428360414
1570,0.9375923190546529
1571,0.9372230428360414
1572,0.9372230428360414
1573,0.9372230428360414
1574,0.9372230428360414
1575,0.9379615952732644
1576,0.9379615952732644
1577,0.9379615952732644
1578,0.9379615952732644
1579,0.9379615952732644
1580,0.9375923190546529
1581,0.9375923190546529
1582,0.9375923190546529
1583,0.9383308714918759
1584,0.9383308714918759
1585,0.9383308714918759
1586,0.9383308714918759
1587,0.9379615952732644
1588,0.9379615952732644
1589,0.9383308714918759
1590,0.9387001477104875
1591,0.9383308714918759
1592,0.9383308714918759
1593,0.9383308714918759
1594,0.9383308714918759
1595,0.9379615952732644
1596,0.9383308714918759
1597,0.9383308714918759
1598,0.9383308714918759
1599,0.9383308714918759
1600,0.9383308714918759
1601,0.9383308714918759
1602,0.9383308714918759
1603,0.9379615952732644
1604,0.9383308714918759
1605,0.9383308714918759
1606,0.9383308714918759
1607,0.9383308714918759
1608,0.9383308714918759
1609,0.9383308714918759
1610,0.9383308714918759
1611,0.9379615952732644
1612,0.9383308714918759
1613,0.9383308714918759
1614,0.9387001477104875
1615,0.9387001477104875
1616,0.9387001477104875
1617,0.939069423929099
1618,0.9387001477104875
1619,0.9387001477104875
1620,0.9387001477104875
1621,0.9387001477104875
1622,0.9387001477104875
1623,0.9387001477104875
1624,0.9383308714918759
1625,0.9383308714918759
1626,0.9383308714918759
1627,0.9383308714918759
1628,0.9383308714918759
1629,0.939069423929099
1630,0.9387001477104875
1631,0.9394387001477105
1632,0.9394387001477105
1633,0.939069423929099
1634,0.939069423929099
1635,0.939069423929099
1636,0.939069423929099
1637,0.939069423929099
1638,0.939069423929099
1639,0.939069423929099
1640,0.939807976366322
1641,0.939807976366322
1642,0.9401772525849336
1643,0.9401772525849336
1644,0.9401772525849336
1645,0.9401772525849336
1646,0.9401772525849336
1647,0.9401772525849336
1648,0.9401772525849336
1649,0.9401772525849336
1650,0.9405465288035451
1651,0.9401772525849336
1652,0.9409158050221565
1653,0.9409158050221565
1654,0.9409158050221565
1655,0.9409158050221565
1656,0.9405465288035451
1657,0.9405465288035451
1658,0.9405465288035451
1659,0.9401772525849336
1660,0.9401772525849336
1661,0.9394387001477105
1662,0.9401772525849336
1663,0.9401772525849336
1664,0.9401772525849336
1665,0.9409158050221565
1666,0.941285081240768
1667,0.941285081240768
1668,0.9409158050221565
1669,0.9409158050221565
1670,0.9409158050221565
1671,0.941285081240768
1672,0.9409158050221565
1673,0.941285081240768
1674,0.9420236336779911
1675,0.9420236336779911
1676,0.9416543574593796
1677,0.9416543574593796
1678,0.941285081240768
1679,0.9420236336779911
1680,0.9420236336779911
1681,0.9420236336779911
1682,0.9420236336779911
1683,0.9416543574593796
1684,0.9423929098966026
1685,0.9423929098966026
1686,0.9423929098966026
1687,0.9423929098966026
1688,0.9423929098966026
1689,0.9423929098966026
1690,0.9423929098966026
1691,0.9423929098966026
1692,0.9423929098966026
1693,0.9423929098966026
1694,0.9423929098966026
1695,0.9423929098966026
1696,0.9423929098966026
1697,0.9423929098966026
1698,0.9423929098966026
1699,0.9423929098966026
1700,0.9427621861152142
1701,0.9423929098966026
1702,0.9423929098966026
1703,0.9423929098966026
1704,0.9423929098966026
1705,0.9423929098966026
1706,0.9420236336779911
1707,0.9420236336779911
1708,0.9427621861152142
1709,0.9427621861152142
1710,0.9427621861152142
1711,0.9427621861152142
1712,0.9427621861152142
1713,0.9427621861152142
1714,0.9427621861152142
1715,0.9423929098966026
1716,0.9423929098966026
1717,0.9423929098966026
1718,0.9423929098966026
1719,0.9423929098966026
1720,0.9423929098966026
1721,0.9423929098966026
1722,0.9423929098966026
1723,0.9423929098966026
1724,0.9431314623338257
1725,0.9431314623338257
1726,0.9431314623338257
1727,0.9431314623338257
1728,0.9427621861152142
1729,0.9427621861152142
1730,0.9435007385524372
1731,0.9431314623338257
1732,0.9431314623338257
1733,0.9431314623338257
1734,0.9442392909896603
1735,0.9442392909896603
1736,0.9442392909896603
1737,0.9435007385524372
1738,0.9435007385524372
1739,0.9442392909896603
1740,0.9438700147710487
1741,0.9446085672082718
1742,0.9446085672082718
1743,0.9449778434268833
1744,0.9446085672082718
1745,0.9449778434268833
1746,0.9449778434268833
1747,0.9453471196454948
1748,0.9453471196454948
1749,0.9453471196454948
1750,0.9453471196454948
1751,0.9453471196454948
1752,0.9457163958641064
1753,0.9460856720827179
1754,0.9460856720827179
1755,0.9460856720827179
1756,0.946824224519941
1757,0.946824224519941
1758,0.9464549483013294
1759,0.9464549483013294
1760,0.9464549483013294
1761,0.946824224519941
1762,0.946824224519941
1763,0.946824224519941
1764,0.946824224519941
1765,0.946824224519941
1766,0.946824224519941
1767,0.9471935007385525
1768,0.9471935007385525
1769,0.9471935007385525
1770,0.9471935007385525
1771,0.9471935007385525
1772,0.9471935007385525
1773,0.9471935007385525
1774,0.9471935007385525
1775,0.9471935007385525
1776,0.9471935007385525
1777,0.946824224519941
1778,0.946824224519941
1779,0.946824224519941
1780,0.946824224519941
1781,0.946824224519941
1782,0.946824224519941
1783,0.946824224519941
1784,0.946824224519941
1785,0.946824224519941
1786,0.946824224519941
1787,0.946824224519941
1788,0.9471935007385525
1789,0.946824224519941
1790,0.946824224519941
1791,0.946824224519941
1792,0.946824224519941
1793,0.9464549483013294
1794,0.9464549483013294
1795,0.946824224519941
1796,0.946824224519941
1797,0.946824224519941
1798,0.946824224519941
1799,0.9464549483013294
1800,0.946824224519941
1801,0.9464549483013294
1802,0.9464549483013294
1803,0.946824224519941
1804,0.9464549483013294
1805,0.946824224519941
1806,0.946824224519941
1807,0.946824224519941
1808,0.946824224519941
1809,0.946824224519941
1810,0.946824224519941
1811,0.9464549483013294
1812,0.9464549483013294
1813,0.9471935007385525
1814,0.9471935007385525
1815,0.9464549483013294
1816,0.9464549483013294
1817,0.9464549483013294
1818,0.946824224519941
1819,0.946824224519941
1820,0.9464549483013294
1821,0.9464549483013294
1822,0.9464549483013294
1823,0.9464549483013294
1824,0.9464549483013294
1825,0.9460856720827179
1826,0.9457163958641064
1827,0.9457163958641064
1828,0.9460856720827179
1829,0.9464549483013294
1830,0.946824224519941
1831,0.946824224519941
1832,0.946824224519941
1833,0.9471935007385525
1834,0.9471935007385525
1835,0.9471935007385525
1836,0.9471935007385525
1837,0.9471935007385525
1838,0.9471935007385525
1839,0.9471935007385525
1840,0.947562776957164
1841,0.947562776957164
1842,0.947562776957164
1843,0.947562776957164
1844,0.947562776957164
1845,0.947562776957164
1846,0.9479320531757754
1847,0.9479320531757754
1848,0.9479320531757754
1849,0.947562776957164
1850,0.947562776957164
1851,0.947562776957164
1852,0.947562776957164
1853,0.947562776957164
1854,0.9479320531757754
1855,0.9479320531757754
1856,0.947562776957164
1857,0.9471935007385525
1858,0.9471935007385525
1859,0.9471935007385525
1860,0.947562776957164
1861,0.9479320531757754
1862,0.947562776957164
1863,0.947562776957164
1864,0.947562776957164
1865,0.947562776957164
1866,0.947562776957164
1867,0.947562776957164
1868,0.947562776957164
1869,0.947562776957164
1870,0.947562776957164
1871,0.947562776957164
1872,0.947562776957164
1873,0.947562776957164
1874,0.947562776957164
1875,0.947562776957164
1876,0.947562776957164
1877,0.9479320531757754
1878,0.9479320531757754
1879,0.948301329394387
1880,0.948301329394387
1881,0.948301329394387
1882,0.9479320531757754
1883,0.9479320531757754
1884,0.948301329394387
1885,0.948301329394387
1886,0.948301329394387
1887,0.948301329394387
1888,0.948301329394387
1889,0.948301329394387
1890,0.948301329394387
1891,0.948301329394387
1892,0.948301329394387
1893,0.948301329394387
1894,0.948301329394387
1895,0.9486706056129985
1896,0.9486706056129985
1897,0.9486706056129985
1898,0.9486706056129985
1899,0.9486706056129985
1900,0.9486706056129985
1901,0.9486706056129985
1902,0.9486706056129985
1903,0.9486706056129985
1904,0.9486706056129985
1905,0.9486706056129985
1906,0.9486706056129985
1907,0.9486706056129985
1908,0.94903988183161
1909,0.94903988183161
1910,0.94903988183161
1911,0.94903988183161
1912,0.9494091580502215
1913,0.9494091580502215
1914,0.9494091580502215
1915,0.9494091580502215
1916,0.9494091580502215
1917,0.9494091580502215
1918,0.9494091580502215
1919,0.9494091580502215
1920,0.9494091580502215
1921,0.9494091580502215
1922,0.9494091580502215
1923,0.9494091580502215
1924,0.9494091580502215
1925,0.9494091580502215
1926,0.9494091580502215
1927,0.9494091580502215
1928,0.9494091580502215
1929,0.9494091580502215
1930,0.9494091580502215
1931,0.9494091580502215
1932,0.9494091580502215
1933,0.9494091580502215
1934,0.9494091580502215
1935,0.9494091580502215
1936,0.9494091580502215
1937,0.9494091580502215
1938,0.9494091580502215
1939,0.9494091580502215
1940,0.9494091580502215
1941,0.9494091580502215
1942,0.9494091580502215
1943,0.9494091580502215
1944,0.9494091580502215
1945,0.9494091580502215
1946,0.94903988183161
1947,0.94903988183161
1948,0.94903988183161
1949,0.94903988183161
1950,0.94903988183161
1951,0.94903988183161
1952,0.94903988183161
1953,0.9494091580502215
1954,0.9494091580502215
1955,0.9494091580502215
1956,0.9494091580502215
1957,0.9494091580502215
1958,0.9494091580502215
1959,0.9497784342688331
1960,0.9497784342688331
1961,0.9497784342688331
1962,0.9497784342688331
1963,0.9497784342688331
1964,0.9501477104874446
1965,0.9497784342688331
1966,0.9497784342688331
1967,0.9501477104874446
1968,0.9497784342688331
1969,0.9501477104874446
1970,0.9501477104874446
1971,0.9501477104874446
1972,0.9497784342688331
1973,0.9497784342688331
1974,0.9497784342688331
1975,0.9497784342688331
1976,0.9501477104874446
1977,0.9501477104874446
1978,0.9497784342688331
1979,0.9497784342688331
1980,0.9501477104874446
1981,0.9505169867060561
1982,0.9508862629246676
1983,0.9508862629246676
1984,0.9516248153618907
1985,0.9516248153618907
1986,0.9516248153618907
1987,0.9512555391432792
1988,0.9512555391432792
1989,0.9516248153618907
1990,0.9516248153618907
1991,0.9516248153618907
1992,0.9516248153618907
1993,0.9516248153618907
1994,0.9516248153618907
1995,0.9516248153618907
1996,0.9519940915805022
1997,0.9519940915805022
1998,0.9523633677991138
1999,0.9523633677991138
