1,0.18870014771048743
2,0.23744460856720828
3,0.20236336779911374
4,0.19682422451994092
5,0.20125553914327918
6,0.20051698670605614
7,0.2625553914327917
8,0.3076070901033973
9,0.27806499261447565
10,0.2869276218611521
11,0.2858197932053176
12,0.2758493353028065
13,0.2743722304283604
14,0.27031019202363366
15,0.2717872968980798
16,0.27695716395864106
17,0.2813884785819793
18,0.2843426883308715
19,0.2799113737075332
20,0.2917282127031019
21,0.2832348596750369
22,0.2917282127031019
23,0.28877400295420974
24,0.2880354505169867
25,0.3172082717872969
26,0.3142540620384047
27,0.31277695716395865
28,0.3087149187592319
29,0.3064992614475628
30,0.3120384047267356
31,0.3124076809453471
32,0.31314623338257014
33,0.2998522895125554
34,0.2998522895125554
35,0.3039143279172821
36,0.27141802067946824
37,0.2902511078286558
38,0.28360413589364847
39,0.28840472673559825
40,0.28360413589364847
41,0.30465288035450516
42,0.3087149187592319
43,0.32200886262924666
44,0.3179468242245199
45,0.31388478581979323
46,0.3157311669128508
47,0.3050221565731167
48,0.31277695716395865
49,0.31277695716395865
50,0.3157311669128508
51,0.31646971935007384
52,0.3087149187592319
53,0.30612998522895124
54,0.2983751846381093
55,0.3087149187592319
56,0.3068685376661743
57,0.3168389955686854
58,0.32200886262924666
59,0.3260709010339734
60,0.3175775480059084
61,0.3179468242245199
62,0.327178729689808
63,0.3175775480059084
64,0.3087149187592319
65,0.3135155096011817
66,0.31942392909896605
67,0.32163958641063517
68,0.3205317577548006
69,0.3157311669128508
70,0.31462333825701627
71,0.3190546528803545
72,0.32644017725258495
73,0.327178729689808
74,0.32865583456425407
75,0.32200886262924666
76,0.32348596750369274
77,0.3201624815361891
78,0.31462333825701627
79,0.3124076809453471
80,0.31056129985228953
81,0.301698670605613
82,0.310192023633678
83,0.30354505169867063
84,0.30354505169867063
85,0.3135155096011817
86,0.30797636632200887
87,0.31942392909896605
88,0.31646971935007384
89,0.3142540620384047
90,0.301698670605613
91,0.31277695716395865
92,0.3142540620384047
93,0.3120384047267356
94,0.31314623338257014
95,0.3087149187592319
96,0.31129985228951257
97,0.32163958641063517
98,0.3142540620384047
99,0.3064992614475628
100,0.30834564254062036
101,0.3076070901033973
102,0.30834564254062036
103,0.3064992614475628
104,0.32163958641063517
105,0.3153618906942393
106,0.30096011816838997
107,0.3190546528803545
108,0.3072378138847858
109,0.30132939438700146
110,0.3098227474150665
111,0.3201624815361891
112,0.3242245199409158
113,0.3157311669128508
114,0.30576070901033975
115,0.3120384047267356
116,0.31314623338257014
117,0.30096011816838997
118,0.30354505169867063
119,0.31979320531757754
120,0.30834564254062036
121,0.31646971935007384
122,0.31942392909896605
123,0.31610044313146235
124,0.3076070901033973
125,0.3205317577548006
126,0.32791728212703103
127,0.3190546528803545
128,0.32090103397341213
129,0.31646971935007384
130,0.3316100443131462
131,0.33714918759231904
132,0.3275480059084195
133,0.3375184638109306
134,0.3297636632200886
135,0.33677991137370755
136,0.3297636632200886
137,0.33936484490398816
138,0.3282865583456425
139,0.33382570162481534
140,0.33567208271787297
141,0.33567208271787297
142,0.327178729689808
143,0.31979320531757754
144,0.3249630723781389
145,0.32791728212703103
146,0.3260709010339734
147,0.31942392909896605
148,0.31277695716395865
149,0.3245937961595273
150,0.31388478581979323
151,0.31314623338257014
152,0.3120384047267356
153,0.3124076809453471
154,0.31277695716395865
155,0.3157311669128508
156,0.33013293943870015
157,0.3223781388478582
158,0.32865583456425407
159,0.3257016248153619
160,0.3349335302806499
161,0.3316100443131462
162,0.33013293943870015
163,0.33567208271787297
164,0.336410635155096
165,0.3293943870014771
166,0.32902511078286556
167,0.3282865583456425
168,0.3386262924667651
169,0.32680945347119644
170,0.3378877400295421
171,0.3293943870014771
172,0.32865583456425407
173,0.3375184638109306
174,0.32644017725258495
175,0.32533234859675036
176,0.3172082717872969
177,0.32791728212703103
178,0.3242245199409158
179,0.33197932053175777
180,0.33124076809453473
181,0.32348596750369274
182,0.3260709010339734
183,0.32644017725258495
184,0.3260709010339734
185,0.33234859675036926
186,0.3353028064992615
187,0.336410635155096
188,0.336410635155096
189,0.3386262924667651
190,0.33825701624815363
191,0.3408419497784343
192,0.33714918759231904
193,0.3408419497784343
194,0.3419497784342688
195,0.3353028064992615
196,0.3341949778434269
197,0.3360413589364845
198,0.3489660265878877
199,0.3500738552437223
200,0.3511816838995569
201,0.3386262924667651
202,0.3378877400295421
203,0.33124076809453473
204,0.3316100443131462
205,0.3316100443131462
206,0.34158050221565733
207,0.3463810930576071
208,0.33234859675036926
209,0.3341949778434269
210,0.3353028064992615
211,0.3386262924667651
212,0.34047267355982275
213,0.3341949778434269
214,0.3378877400295421
215,0.3397341211225997
216,0.3378877400295421
217,0.3282865583456425
218,0.34158050221565733
219,0.327178729689808
220,0.3378877400295421
221,0.34158050221565733
222,0.33899556868537667
223,0.3360413589364845
224,0.3353028064992615
225,0.3245937961595273
226,0.32348596750369274
227,0.32200886262924666
228,0.3305022156573117
229,0.34047267355982275
230,0.3482274741506647
231,0.34158050221565733
232,0.34268833087149186
233,0.3445347119645495
234,0.3293943870014771
235,0.33567208271787297
236,0.33197932053175777
237,0.3345642540620384
238,0.3345642540620384
239,0.33677991137370755
240,0.3330871491875923
241,0.33124076809453473
242,0.33677991137370755
243,0.33677991137370755
244,0.33567208271787297
245,0.3401033973412112
246,0.33825701624815363
247,0.33677991137370755
248,0.33567208271787297
249,0.3375184638109306
250,0.3430576070901034
251,0.3434268833087149
252,0.34416543574593794
253,0.3360413589364845
254,0.3360413589364845
255,0.336410635155096
256,0.3434268833087149
257,0.33899556868537667
258,0.3349335302806499
259,0.3330871491875923
260,0.3378877400295421
261,0.3345642540620384
262,0.33899556868537667
263,0.3397341211225997
264,0.34416543574593794
265,0.3522895125553914
266,0.3511816838995569
267,0.35302806499261447
268,0.353397341211226
269,0.35413589364844905
270,0.34748892171344165
271,0.35302806499261447
272,0.3434268833087149
273,0.352658788774003
274,0.344903988183161
275,0.3430576070901034
276,0.3511816838995569
277,0.33936484490398816
278,0.34527326440177253
279,0.3500738552437223
280,0.35081240768094535
281,0.34970457902511076
282,0.3522895125553914
283,0.3559822747415066
284,0.3559822747415066
285,0.35782865583456425
286,0.3663220088626292
287,0.3567208271787297
288,0.35192023633677993
289,0.34748892171344165
290,0.345642540620384
291,0.34416543574593794
292,0.3515509601181684
293,0.36152141802067944
294,0.3570901033973412
295,0.3500738552437223
296,0.353397341211226
297,0.35302806499261447
298,0.35450516986706054
299,0.35745937961595275
300,0.35893648449039883
301,0.3593057607090103
302,0.362629246676514
303,0.36336779911373707
304,0.3585672082717873
305,0.3585672082717873
306,0.35782865583456425
307,0.35635155096011817
308,0.3570901033973412
309,0.35893648449039883
310,0.3567208271787297
311,0.3570901033973412
312,0.35893648449039883
313,0.35450516986706054
314,0.35782865583456425
315,0.352658788774003
316,0.3559822747415066
317,0.3670605612998523
318,0.3629985228951256
319,0.3670605612998523
320,0.36816838995568685
321,0.361890694239291
322,0.3641063515509601
323,0.362629246676514
324,0.36152141802067944
325,0.3593057607090103
326,0.35561299852289513
327,0.35450516986706054
328,0.3607828655834564
329,0.353397341211226
330,0.3478581979320532
331,0.35413589364844905
332,0.3515509601181684
333,0.3607828655834564
334,0.3607828655834564
335,0.35635155096011817
336,0.3581979320531758
337,0.3663220088626292
338,0.36595273264401773
339,0.36669128508124077
340,0.36595273264401773
341,0.3655834564254062
342,0.3641063515509601
343,0.3674298375184638
344,0.36779911373707536
345,0.36927621861152143
346,0.36816838995568685
347,0.36816838995568685
348,0.37518463810930575
349,0.3803545051698671
350,0.37813884785819796
351,0.3777695716395864
352,0.37813884785819796
353,0.3755539143279173
354,0.3766617429837518
355,0.3759231905465288
356,0.3707533234859675
357,0.3740768094534712
358,0.36816838995568685
359,0.37186115214180204
360,0.3689069423929099
361,0.3670605612998523
362,0.3722304283604136
363,0.3674298375184638
364,0.35893648449039883
365,0.35561299852289513
366,0.3663220088626292
367,0.3567208271787297
368,0.362629246676514
369,0.3511816838995569
370,0.35745937961595275
371,0.3696454948301329
372,0.37149187592319055
373,0.37186115214180204
374,0.3700147710487445
375,0.3674298375184638
376,0.37186115214180204
377,0.37259970457902514
378,0.37481536189069425
379,0.37296898079763663
380,0.3759231905465288
381,0.3777695716395864
382,0.3759231905465288
383,0.37518463810930575
384,0.37149187592319055
385,0.37813884785819796
386,0.37813884785819796
387,0.378877400295421
388,0.3766617429837518
389,0.37813884785819796
390,0.3759231905465288
391,0.37629246676514033
392,0.37813884785819796
393,0.3755539143279173
394,0.37518463810930575
395,0.3744460856720827
396,0.3744460856720827
397,0.38072378138847857
398,0.38330871491875923
399,0.38404726735598227
400,0.38404726735598227
401,0.3825701624815362
402,0.3858936484490399
403,0.3870014771048744
404,0.3847858197932053
405,0.3870014771048744
406,0.38330871491875923
407,0.37961595273264404
408,0.38330871491875923
409,0.3792466765140325
410,0.3759231905465288
411,0.37296898079763663
412,0.37186115214180204
413,0.3689069423929099
414,0.3674298375184638
415,0.37518463810930575
416,0.3637370753323486
417,0.3696454948301329
418,0.3689069423929099
419,0.3689069423929099
420,0.3759231905465288
421,0.37481536189069425
422,0.3792466765140325
423,0.3803545051698671
424,0.37961595273264404
425,0.38220088626292464
426,0.3810930576070901
427,0.3759231905465288
428,0.3759231905465288
429,0.3733382570162482
430,0.3733382570162482
431,0.3759231905465288
432,0.37370753323485967
433,0.37186115214180204
434,0.37038404726735596
435,0.371122599704579
436,0.3700147710487445
437,0.3689069423929099
438,0.36484490398818314
439,0.36816838995568685
440,0.37149187592319055
441,0.3722304283604136
442,0.3733382570162482
443,0.3707533234859675
444,0.37259970457902514
445,0.37296898079763663
446,0.3777695716395864
447,0.3759231905465288
448,0.3799852289512555
449,0.3825701624815362
450,0.3836779911373708
451,0.3814623338257016
452,0.378877400295421
453,0.3792466765140325
454,0.38183161004431315
455,0.3810930576070901
456,0.3799852289512555
457,0.37629246676514033
458,0.38663220088626293
459,0.38552437223042835
460,0.38515509601181686
461,0.3836779911373708
462,0.3844165435745938
463,0.38663220088626293
464,0.38330871491875923
465,0.3803545051698671
466,0.37813884785819796
467,0.37481536189069425
468,0.37149187592319055
469,0.3740768094534712
470,0.36927621861152143
471,0.3707533234859675
472,0.37481536189069425
473,0.3792466765140325
474,0.378877400295421
475,0.3799852289512555
476,0.37481536189069425
477,0.3803545051698671
478,0.3792466765140325
479,0.3810930576070901
480,0.378877400295421
481,0.3810930576070901
482,0.3810930576070901
483,0.3810930576070901
484,0.3810930576070901
485,0.3825701624815362
486,0.3810930576070901
487,0.3810930576070901
488,0.3825701624815362
489,0.38183161004431315
490,0.3847858197932053
491,0.3829394387001477
492,0.3847858197932053
493,0.3836779911373708
494,0.38404726735598227
495,0.3825701624815362
496,0.38330871491875923
497,0.3814623338257016
498,0.38072378138847857
499,0.39586410635155095
500,0.39032496307237813
501,0.39549483013293946
502,0.38515509601181686
503,0.3836779911373708
504,0.3803545051698671
505,0.3847858197932053
506,0.38404726735598227
507,0.38330871491875923
508,0.3829394387001477
509,0.3892171344165436
510,0.38847858197932056
511,0.3929098966026588
512,0.3947562776957164
513,0.38774002954209746
514,0.39364844903988183
515,0.396602658788774
516,0.3870014771048744
517,0.3766617429837518
518,0.38183161004431315
519,0.3870014771048744
520,0.387370753323486
521,0.38774002954209746
522,0.38774002954209746
523,0.38774002954209746
524,0.38663220088626293
525,0.38663220088626293
526,0.38884785819793205
527,0.3906942392909897
528,0.3892171344165436
529,0.3892171344165436
530,0.38847858197932056
531,0.38847858197932056
532,0.388109305760709
533,0.3847858197932053
534,0.388109305760709
535,0.38552437223042835
536,0.3862629246676514
537,0.38663220088626293
538,0.3825701624815362
539,0.38183161004431315
540,0.3814623338257016
541,0.3829394387001477
542,0.3836779911373708
543,0.3829394387001477
544,0.3810930576070901
545,0.3825701624815362
546,0.38404726735598227
547,0.3792466765140325
548,0.3810930576070901
549,0.38515509601181686
550,0.388109305760709
551,0.39106351550960117
552,0.3918020679468242
553,0.39217134416543575
554,0.39364844903988183
555,0.39697193500738553
556,0.3962333825701625
557,0.39549483013293946
558,0.3984490398818316
559,0.39697193500738553
560,0.3918020679468242
561,0.3914327917282127
562,0.3918020679468242
563,0.39106351550960117
564,0.3858936484490399
565,0.3810930576070901
566,0.39438700147710487
567,0.3951255539143279
568,0.38774002954209746
569,0.387370753323486
570,0.3870014771048744
571,0.388109305760709
572,0.39254062038404725
573,0.3918020679468242
574,0.3947562776957164
575,0.39586410635155095
576,0.3940177252584934
577,0.39364844903988183
578,0.3962333825701625
579,0.396602658788774
580,0.3977104874446086
581,0.4065731166912851
582,0.4065731166912851
583,0.404357459379616
584,0.4032496307237814
585,0.40288035450516985
586,0.40251107828655835
587,0.4010339734121123
588,0.4017725258493353
589,0.4017725258493353
590,0.4032496307237814
591,0.40251107828655835
592,0.40288035450516985
593,0.4036189069423929
594,0.40472673559822747
595,0.4032496307237814
596,0.40583456425406206
597,0.40620384047267355
598,0.39807976366322007
599,0.4036189069423929
600,0.40288035450516985
601,0.40066469719350073
602,0.39918759231905465
603,0.40029542097488924
604,0.4065731166912851
605,0.40620384047267355
606,0.40583456425406206
607,0.40731166912850814
608,0.4054652880354505
609,0.4010339734121123
610,0.40029542097488924
611,0.4021418020679468
612,0.4036189069423929
613,0.40472673559822747
614,0.4054652880354505
615,0.404357459379616
616,0.40472673559822747
617,0.4054652880354505
618,0.4080502215657312
619,0.4087887740029542
620,0.4124815361890694
621,0.4124815361890694
622,0.4054652880354505
623,0.4080502215657312
624,0.4054652880354505
625,0.40472673559822747
626,0.4032496307237814
627,0.3999261447562777
628,0.40066469719350073
629,0.4010339734121123
630,0.4036189069423929
631,0.4010339734121123
632,0.405096011816839
633,0.40952732644017725
634,0.4076809453471196
635,0.40398818316100443
636,0.40583456425406206
637,0.405096011816839
638,0.4036189069423929
639,0.4021418020679468
640,0.40140324963072377
641,0.3995568685376662
642,0.4017725258493353
643,0.40066469719350073
644,0.40398818316100443
645,0.40620384047267355
646,0.40583456425406206
647,0.404357459379616
648,0.40288035450516985
649,0.40620384047267355
650,0.40140324963072377
651,0.40066469719350073
652,0.4032496307237814
653,0.40288035450516985
654,0.40398818316100443
655,0.4032496307237814
656,0.40398818316100443
657,0.4032496307237814
658,0.4036189069423929
659,0.405096011816839
660,0.4102658788774003
661,0.41100443131462333
662,0.4032496307237814
663,0.413589364844904
664,0.4069423929098966
665,0.4076809453471196
666,0.4091580502215657
667,0.40731166912850814
668,0.4102658788774003
669,0.4069423929098966
670,0.4102658788774003
671,0.4102658788774003
672,0.4102658788774003
673,0.4102658788774003
674,0.4102658788774003
675,0.41174298375184637
676,0.41174298375184637
677,0.41174298375184637
678,0.4121122599704579
679,0.4121122599704579
680,0.4121122599704579
681,0.4121122599704579
682,0.41174298375184637
683,0.41174298375184637
684,0.4121122599704579
685,0.4121122599704579
686,0.4121122599704579
687,0.4121122599704579
688,0.41100443131462333
689,0.40841949778434267
690,0.40140324963072377
691,0.4065731166912851
692,0.4054652880354505
693,0.40472673559822747
694,0.40288035450516985
695,0.40620384047267355
696,0.40583456425406206
697,0.4087887740029542
698,0.4091580502215657
699,0.4087887740029542
700,0.4124815361890694
701,0.4069423929098966
702,0.40583456425406206
703,0.41100443131462333
704,0.4098966026587888
705,0.40288035450516985
706,0.404357459379616
707,0.4032496307237814
708,0.40251107828655835
709,0.4021418020679468
710,0.40066469719350073
711,0.3951255539143279
712,0.3932791728212703
713,0.3892171344165436
714,0.39032496307237813
715,0.388109305760709
716,0.39364844903988183
717,0.3932791728212703
718,0.39586410635155095
719,0.40066469719350073
720,0.40288035450516985
721,0.4054652880354505
722,0.40841949778434267
723,0.4091580502215657
724,0.4010339734121123
725,0.3999261447562777
726,0.40140324963072377
727,0.40398818316100443
728,0.40583456425406206
729,0.4087887740029542
730,0.4087887740029542
731,0.4076809453471196
732,0.4076809453471196
733,0.41100443131462333
734,0.4121122599704579
735,0.41174298375184637
736,0.41063515509601184
737,0.41100443131462333
738,0.40952732644017725
739,0.40583456425406206
740,0.4069423929098966
741,0.4065731166912851
742,0.4032496307237814
743,0.40288035450516985
744,0.4036189069423929
745,0.4036189069423929
746,0.40472673559822747
747,0.4080502215657312
748,0.40731166912850814
749,0.4091580502215657
750,0.40472673559822747
751,0.40472673559822747
752,0.4054652880354505
753,0.4065731166912851
754,0.4036189069423929
755,0.404357459379616
756,0.405096011816839
757,0.4102658788774003
758,0.4076809453471196
759,0.4076809453471196
760,0.4065731166912851
761,0.4069423929098966
762,0.4065731166912851
763,0.40620384047267355
764,0.4065731166912851
765,0.40583456425406206
766,0.4054652880354505
767,0.40620384047267355
768,0.40841949778434267
769,0.4080502215657312
770,0.41285081240768096
771,0.41174298375184637
772,0.4069423929098966
773,0.4146971935007385
774,0.40731166912850814
775,0.4032496307237814
776,0.40472673559822747
777,0.404357459379616
778,0.4065731166912851
779,0.41174298375184637
780,0.4102658788774003
781,0.41100443131462333
782,0.41063515509601184
783,0.41174298375184637
784,0.4102658788774003
785,0.41100443131462333
786,0.4087887740029542
787,0.40583456425406206
788,0.40731166912850814
789,0.4098966026587888
790,0.40731166912850814
791,0.40731166912850814
792,0.40620384047267355
793,0.4054652880354505
794,0.40472673559822747
795,0.405096011816839
796,0.4017725258493353
797,0.40583456425406206
798,0.40472673559822747
799,0.40288035450516985
800,0.39807976366322007
801,0.40731166912850814
802,0.4091580502215657
803,0.40841949778434267
804,0.40952732644017725
805,0.405096011816839
806,0.40288035450516985
807,0.40140324963072377
808,0.4021418020679468
809,0.4017725258493353
810,0.40029542097488924
811,0.40288035450516985
812,0.4021418020679468
813,0.3984490398818316
814,0.40140324963072377
815,0.4010339734121123
816,0.40066469719350073
817,0.40251107828655835
818,0.3988183161004431
819,0.4010339734121123
820,0.40140324963072377
821,0.4017725258493353
822,0.4021418020679468
823,0.40029542097488924
824,0.3984490398818316
825,0.3999261447562777
826,0.3988183161004431
827,0.4017725258493353
828,0.4010339734121123
829,0.39918759231905465
830,0.3999261447562777
831,0.4076809453471196
832,0.40620384047267355
833,0.4069423929098966
834,0.40841949778434267
835,0.4098966026587888
836,0.41100443131462333
837,0.3977104874446086
838,0.4113737075332349
839,0.40841949778434267
840,0.40952732644017725
841,0.41174298375184637
842,0.4102658788774003
843,0.4102658788774003
844,0.4098966026587888
845,0.40952732644017725
846,0.4080502215657312
847,0.41063515509601184
848,0.40952732644017725
849,0.4158050221565731
850,0.4172821270310192
851,0.41617429837518466
852,0.4150664697193501
853,0.413589364844904
854,0.413589364844904
855,0.413589364844904
856,0.41432791728212703
857,0.4169128508124077
858,0.4150664697193501
859,0.4146971935007385
860,0.41617429837518466
861,0.41322008862629245
862,0.413589364844904
863,0.4113737075332349
864,0.4158050221565731
865,0.4139586410635155
866,0.41322008862629245
867,0.4146971935007385
868,0.41322008862629245
869,0.4146971935007385
870,0.41765140324963074
871,0.4169128508124077
872,0.4158050221565731
873,0.4169128508124077
874,0.4139586410635155
875,0.41285081240768096
876,0.4139586410635155
877,0.41322008862629245
878,0.41322008862629245
879,0.41432791728212703
880,0.4091580502215657
881,0.41100443131462333
882,0.4102658788774003
883,0.4102658788774003
884,0.40952732644017725
885,0.41100443131462333
886,0.41174298375184637
887,0.413589364844904
888,0.41285081240768096
889,0.4087887740029542
890,0.4091580502215657
891,0.4080502215657312
892,0.405096011816839
893,0.40251107828655835
894,0.4032496307237814
895,0.4032496307237814
896,0.4091580502215657
897,0.40731166912850814
898,0.40620384047267355
899,0.40620384047267355
900,0.40583456425406206
901,0.40583456425406206
902,0.4076809453471196
903,0.40620384047267355
904,0.41100443131462333
905,0.41174298375184637
906,0.4113737075332349
907,0.4139586410635155
908,0.4139586410635155
909,0.4158050221565731
910,0.4098966026587888
911,0.41100443131462333
912,0.41100443131462333
913,0.4098966026587888
914,0.4158050221565731
915,0.4154357459379616
916,0.4158050221565731
917,0.4146971935007385
918,0.4158050221565731
919,0.4169128508124077
920,0.4183899556868538
921,0.41986706056129985
922,0.4206056129985229
923,0.41802067946824223
924,0.41875923190546527
925,0.41986706056129985
926,0.41986706056129985
927,0.4202363367799114
928,0.41986706056129985
929,0.4191285081240768
930,0.4183899556868538
931,0.4194977843426883
932,0.4206056129985229
933,0.42134416543574593
934,0.42355982274741505
935,0.42208271787296897
936,0.422821270310192
937,0.42134416543574593
938,0.4206056129985229
939,0.42134416543574593
940,0.4217134416543575
941,0.42208271787296897
942,0.42097488921713444
943,0.4206056129985229
944,0.4202363367799114
945,0.4217134416543575
946,0.42208271787296897
947,0.42134416543574593
948,0.4224519940915805
949,0.42134416543574593
950,0.42134416543574593
951,0.4202363367799114
952,0.4154357459379616
953,0.41285081240768096
954,0.41322008862629245
955,0.4098966026587888
956,0.41617429837518466
957,0.42208271787296897
958,0.422821270310192
959,0.42466765140324964
960,0.4191285081240768
961,0.4183899556868538
962,0.42097488921713444
963,0.4217134416543575
964,0.42319054652880356
965,0.42799113737075334
966,0.4242983751846381
967,0.4250369276218611
968,0.42688330871491875
969,0.42651403249630726
970,0.42836041358936483
971,0.42799113737075334
972,0.4272525849335303
973,0.4242983751846381
974,0.4254062038404727
975,0.4257754800590842
976,0.4250369276218611
977,0.42208271787296897
978,0.41617429837518466
979,0.41432791728212703
980,0.4191285081240768
981,0.4202363367799114
982,0.4224519940915805
983,0.42134416543574593
984,0.41802067946824223
985,0.4154357459379616
986,0.41617429837518466
987,0.4154357459379616
988,0.4158050221565731
989,0.4169128508124077
990,0.4150664697193501
991,0.4194977843426883
992,0.4194977843426883
993,0.41986706056129985
994,0.41802067946824223
995,0.4183899556868538
996,0.4202363367799114
997,0.4206056129985229
998,0.42355982274741505
999,0.41765140324963074
1000,0.41654357459379615
1001,0.41617429837518466
1002,0.4158050221565731
1003,0.41432791728212703
1004,0.41100443131462333
1005,0.41285081240768096
1006,0.41285081240768096
1007,0.4139586410635155
1008,0.4150664697193501
1009,0.4146971935007385
1010,0.4150664697193501
1011,0.413589364844904
1012,0.4154357459379616
1013,0.4194977843426883
1014,0.42097488921713444
1015,0.4183899556868538
1016,0.42097488921713444
1017,0.422821270310192
1018,0.42208271787296897
1019,0.422821270310192
1020,0.4242983751846381
1021,0.42208271787296897
1022,0.42208271787296897
1023,0.4169128508124077
1024,0.4191285081240768
1025,0.4154357459379616
1026,0.4169128508124077
1027,0.42134416543574593
1028,0.42097488921713444
1029,0.4206056129985229
1030,0.41765140324963074
1031,0.41654357459379615
1032,0.4169128508124077
1033,0.4217134416543575
1034,0.42134416543574593
1035,0.4183899556868538
1036,0.41765140324963074
1037,0.4239290989660266
1038,0.422821270310192
1039,0.42134416543574593
1040,0.42208271787296897
1041,0.42319054652880356
1042,0.4242983751846381
1043,0.42466765140324964
1044,0.4250369276218611
1045,0.4224519940915805
1046,0.4242983751846381
1047,0.4254062038404727
1048,0.4276218611521418
1049,0.4287296898079764
1050,0.4298375184638109
1051,0.43131462333825704
1052,0.4324224519940916
1053,0.43020679468242246
1054,0.4298375184638109
1055,0.4298375184638109
1056,0.4294682422451994
1057,0.4254062038404727
1058,0.4276218611521418
1059,0.43020679468242246
1060,0.42688330871491875
1061,0.42836041358936483
1062,0.43168389955686853
1063,0.42799113737075334
1064,0.42688330871491875
1065,0.4242983751846381
1066,0.42466765140324964
1067,0.42319054652880356
1068,0.4254062038404727
1069,0.42688330871491875
1070,0.42355982274741505
1071,0.42319054652880356
1072,0.4254062038404727
1073,0.42466765140324964
1074,0.4217134416543575
1075,0.4224519940915805
1076,0.42466765140324964
1077,0.42208271787296897
1078,0.4202363367799114
1079,0.4202363367799114
1080,0.4146971935007385
1081,0.4154357459379616
1082,0.41802067946824223
1083,0.4183899556868538
1084,0.4224519940915805
1085,0.4191285081240768
1086,0.4206056129985229
1087,0.4202363367799114
1088,0.4202363367799114
1089,0.42134416543574593
1090,0.4191285081240768
1091,0.41802067946824223
1092,0.4183899556868538
1093,0.4191285081240768
1094,0.4191285081240768
1095,0.41654357459379615
1096,0.41617429837518466
1097,0.41654357459379615
1098,0.41986706056129985
1099,0.41802067946824223
1100,0.41765140324963074
1101,0.4150664697193501
1102,0.413589364844904
1103,0.41432791728212703
1104,0.41285081240768096
1105,0.4124815361890694
1106,0.413589364844904
1107,0.4150664697193501
1108,0.41432791728212703
1109,0.4124815361890694
1110,0.4121122599704579
1111,0.4113737075332349
1112,0.40841949778434267
1113,0.4121122599704579
1114,0.4091580502215657
1115,0.40952732644017725
1116,0.4091580502215657
1117,0.40731166912850814
1118,0.4076809453471196
1119,0.40583456425406206
1120,0.4098966026587888
1121,0.41875923190546527
1122,0.4206056129985229
1123,0.4191285081240768
1124,0.4191285081240768
1125,0.41765140324963074
1126,0.4183899556868538
1127,0.4183899556868538
1128,0.41986706056129985
1129,0.42651403249630726
1130,0.4276218611521418
1131,0.42466765140324964
1132,0.4287296898079764
1133,0.4276218611521418
1134,0.4298375184638109
1135,0.43057607090103395
1136,0.4272525849335303
1137,0.4250369276218611
1138,0.4217134416543575
1139,0.4191285081240768
1140,0.41765140324963074
1141,0.41285081240768096
1142,0.4154357459379616
1143,0.4242983751846381
1144,0.42134416543574593
1145,0.41875923190546527
1146,0.42466765140324964
1147,0.4194977843426883
1148,0.4242983751846381
1149,0.4257754800590842
1150,0.42799113737075334
1151,0.4254062038404727
1152,0.42651403249630726
1153,0.4257754800590842
1154,0.42688330871491875
1155,0.42651403249630726
1156,0.42651403249630726
1157,0.4224519940915805
1158,0.4242983751846381
1159,0.4217134416543575
1160,0.42466765140324964
1161,0.4261447562776957
1162,0.42208271787296897
1163,0.42688330871491875
1164,0.4276218611521418
1165,0.43020679468242246
1166,0.43131462333825704
1167,0.4276218611521418
1168,0.4272525849335303
1169,0.4294682422451994
1170,0.4272525849335303
1171,0.42799113737075334
1172,0.4287296898079764
1173,0.42909896602658787
1174,0.4287296898079764
1175,0.4272525849335303
1176,0.4276218611521418
1177,0.4272525849335303
1178,0.42688330871491875
1179,0.4287296898079764
1180,0.43020679468242246
1181,0.4309453471196455
1182,0.4324224519940916
1183,0.43870014771048743
1184,0.43611521418020677
1185,0.43537666174298373
1186,0.4331610044313146
1187,0.43168389955686853
1188,0.43131462333825704
1189,0.43020679468242246
1190,0.4287296898079764
1191,0.42355982274741505
1192,0.42799113737075334
1193,0.4294682422451994
1194,0.43168389955686853
1195,0.43685376661742986
1196,0.43611521418020677
1197,0.4287296898079764
1198,0.4320531757754801
1199,0.4327917282127031
1200,0.4287296898079764
1201,0.4276218611521418
1202,0.4276218611521418
1203,0.4320531757754801
1204,0.43500738552437224
1205,0.4375923190546529
1206,0.43389955686853765
1207,0.43353028064992616
1208,0.43537666174298373
1209,0.439069423929099
1210,0.43833087149187594
1211,0.4423929098966027
1212,0.4460856720827179
1213,0.4427621861152142
1214,0.44165435745937964
1215,0.4423929098966027
1216,0.4446085672082718
1217,0.4449778434268833
1218,0.439807976366322
1219,0.43943870014771047
1220,0.43943870014771047
1221,0.439807976366322
1222,0.439807976366322
1223,0.439807976366322
1224,0.43943870014771047
1225,0.43870014771048743
1226,0.4379615952732644
1227,0.4364844903988183
1228,0.4364844903988183
1229,0.43870014771048743
1230,0.4357459379615953
1231,0.4375923190546529
1232,0.43685376661742986
1233,0.4379615952732644
1234,0.4342688330871492
1235,0.4342688330871492
1236,0.439807976366322
1237,0.43870014771048743
1238,0.43611521418020677
1239,0.43870014771048743
1240,0.4375923190546529
1241,0.43870014771048743
1242,0.4379615952732644
1243,0.4375923190546529
1244,0.4379615952732644
1245,0.4375923190546529
1246,0.43722304283604135
1247,0.43685376661742986
1248,0.43722304283604135
1249,0.4375923190546529
1250,0.4375923190546529
1251,0.4375923190546529
1252,0.4375923190546529
1253,0.4379615952732644
1254,0.4375923190546529
1255,0.4375923190546529
1256,0.43722304283604135
1257,0.43722304283604135
1258,0.43722304283604135
1259,0.43722304283604135
1260,0.43722304283604135
1261,0.43722304283604135
1262,0.43722304283604135
1263,0.4375923190546529
1264,0.43722304283604135
1265,0.43722304283604135
1266,0.43722304283604135
1267,0.4375923190546529
1268,0.4375923190546529
1269,0.4375923190546529
1270,0.4375923190546529
1271,0.4375923190546529
1272,0.4375923190546529
1273,0.4375923190546529
1274,0.4375923190546529
1275,0.4375923190546529
1276,0.43722304283604135
1277,0.4375923190546529
1278,0.4375923190546529
1279,0.43722304283604135
1280,0.43722304283604135
1281,0.43685376661742986
1282,0.43685376661742986
1283,0.43685376661742986
1284,0.43722304283604135
1285,0.43722304283604135
1286,0.43722304283604135
1287,0.43722304283604135
1288,0.43722304283604135
1289,0.43722304283604135
1290,0.43722304283604135
1291,0.43722304283604135
1292,0.43722304283604135
1293,0.43722304283604135
1294,0.43722304283604135
1295,0.43722304283604135
1296,0.43722304283604135
1297,0.43722304283604135
1298,0.43722304283604135
1299,0.4364844903988183
1300,0.43611521418020677
1301,0.43500738552437224
1302,0.4346381093057607
1303,0.4364844903988183
1304,0.43722304283604135
1305,0.43833087149187594
1306,0.43611521418020677
1307,0.4379615952732644
1308,0.43833087149187594
1309,0.43722304283604135
1310,0.43722304283604135
1311,0.44202363367799113
1312,0.4412850812407681
1313,0.43722304283604135
1314,0.43353028064992616
1315,0.43389955686853765
1316,0.43722304283604135
1317,0.4379615952732644
1318,0.4342688330871492
1319,0.43500738552437224
1320,0.43500738552437224
1321,0.43685376661742986
1322,0.4379615952732644
1323,0.43537666174298373
1324,0.4342688330871492
1325,0.43500738552437224
1326,0.43353028064992616
1327,0.43168389955686853
1328,0.43611521418020677
1329,0.439069423929099
1330,0.43943870014771047
1331,0.439807976366322
1332,0.44091580502215655
1333,0.43500738552437224
1334,0.439807976366322
1335,0.4342688330871492
1336,0.439807976366322
1337,0.44423929098966025
1338,0.44387001477104876
1339,0.43870014771048743
1340,0.43943870014771047
1341,0.43870014771048743
1342,0.43870014771048743
1343,0.439069423929099
1344,0.4427621861152142
1345,0.44202363367799113
1346,0.44387001477104876
1347,0.44387001477104876
1348,0.44387001477104876
1349,0.44054652880354506
1350,0.44165435745937964
1351,0.4427621861152142
1352,0.4435007385524372
1353,0.44202363367799113
1354,0.4423929098966027
1355,0.4435007385524372
1356,0.439807976366322
1357,0.4427621861152142
1358,0.44165435745937964
1359,0.4435007385524372
1360,0.4427621861152142
1361,0.44423929098966025
1362,0.44534711964549484
1363,0.4449778434268833
1364,0.4427621861152142
1365,0.44423929098966025
1366,0.44387001477104876
1367,0.44534711964549484
1368,0.4427621861152142
1369,0.4412850812407681
1370,0.44202363367799113
1371,0.44165435745937964
1372,0.4435007385524372
1373,0.4431314623338257
1374,0.44387001477104876
1375,0.44423929098966025
1376,0.4435007385524372
1377,0.44571639586410633
1378,0.4449778434268833
1379,0.44719350073855246
1380,0.44977843426883307
1381,0.4494091580502216
1382,0.448301329394387
1383,0.44977843426883307
1384,0.44903988183161003
1385,0.44534711964549484
1386,0.4449778434268833
1387,0.4505169867060561
1388,0.45457902511078285
1389,0.4527326440177253
1390,0.4505169867060561
1391,0.4527326440177253
1392,0.4549483013293944
1393,0.46122599704579026
1394,0.4623338257016248
1395,0.45605612998522893
1396,0.45420974889217136
1397,0.4538404726735598
1398,0.4538404726735598
1399,0.45236336779911374
1400,0.45088626292466766
1401,0.4519940915805022
1402,0.45236336779911374
1403,0.4516248153618907
1404,0.4501477104874446
1405,0.4501477104874446
1406,0.44903988183161003
1407,0.4479320531757755
1408,0.4468242245199409
1409,0.44719350073855246
1410,0.4516248153618907
1411,0.45420974889217136
1412,0.4519940915805022
1413,0.4531019202363368
1414,0.4527326440177253
1415,0.45125553914327915
1416,0.4531019202363368
1417,0.4534711964549483
1418,0.4531019202363368
1419,0.4519940915805022
1420,0.4501477104874446
1421,0.4527326440177253
1422,0.448301329394387
1423,0.4531019202363368
1424,0.45236336779911374
1425,0.45236336779911374
1426,0.45088626292466766
1427,0.4519940915805022
1428,0.44903988183161003
1429,0.44756277695716395
1430,0.4516248153618907
1431,0.4519940915805022
1432,0.45088626292466766
1433,0.45088626292466766
1434,0.45125553914327915
1435,0.4516248153618907
1436,0.4531019202363368
1437,0.4527326440177253
1438,0.45457902511078285
1439,0.45457902511078285
1440,0.4538404726735598
1441,0.4549483013293944
1442,0.4564254062038405
1443,0.4564254062038405
1444,0.4553175775480059
1445,0.4601181683899557
1446,0.45605612998522893
1447,0.4582717872968981
1448,0.4538404726735598
1449,0.45605612998522893
1450,0.4531019202363368
1451,0.4531019202363368
1452,0.4534711964549483
1453,0.4538404726735598
1454,0.4538404726735598
1455,0.4597488921713442
1456,0.4634416543574594
1457,0.4634416543574594
1458,0.4630723781388479
1459,0.4608567208271787
1460,0.45901033973412114
1461,0.45901033973412114
1462,0.45568685376661744
1463,0.4571639586410635
1464,0.4553175775480059
1465,0.4549483013293944
1466,0.4597488921713442
1467,0.4597488921713442
1468,0.4641802067946824
1469,0.46159527326440175
1470,0.4604874446085672
1471,0.4630723781388479
1472,0.4623338257016248
1473,0.4630723781388479
1474,0.4634416543574594
1475,0.4634416543574594
1476,0.46270310192023634
1477,0.46602658788774004
1478,0.46639586410635153
1479,0.465288035450517
1480,0.4656573116691285
1481,0.46491875923190545
1482,0.46454948301329396
1483,0.4656573116691285
1484,0.465288035450517
1485,0.46639586410635153
1486,0.46713441654357457
1487,0.4675036927621861
1488,0.46270310192023634
1489,0.46602658788774004
1490,0.4686115214180207
1491,0.4678729689807976
1492,0.46935007385524374
1493,0.4686115214180207
1494,0.4700886262924668
1495,0.4711964549483013
1496,0.465288035450517
1497,0.4634416543574594
1498,0.4634416543574594
1499,0.46122599704579026
1500,0.46159527326440175
1501,0.46491875923190545
1502,0.46491875923190545
1503,0.4675036927621861
1504,0.4708271787296898
1505,0.4689807976366322
1506,0.46935007385524374
1507,0.4700886262924668
1508,0.4711964549483013
1509,0.47304283604135894
1510,0.47193500738552435
1511,0.47193500738552435
1512,0.4700886262924668
1513,0.4678729689807976
1514,0.4689807976366322
1515,0.4678729689807976
1516,0.46639586410635153
1517,0.4634416543574594
1518,0.47156573116691286
1519,0.4689807976366322
1520,0.46824224519940916
1521,0.46935007385524374
1522,0.4711964549483013
1523,0.47156573116691286
1524,0.4708271787296898
1525,0.473781388478582
1526,0.4708271787296898
1527,0.473781388478582
1528,0.47304283604135894
1529,0.4734121122599705
1530,0.47156573116691286
1531,0.46491875923190545
1532,0.4641802067946824
1533,0.46602658788774004
1534,0.4678729689807976
1535,0.46935007385524374
1536,0.46935007385524374
1537,0.46713441654357457
1538,0.46454948301329396
1539,0.46491875923190545
1540,0.4656573116691285
1541,0.46713441654357457
1542,0.46971935007385524
1543,0.4741506646971935
1544,0.4741506646971935
1545,0.47488921713441656
1546,0.4756277695716396
1547,0.47488921713441656
1548,0.4778434268833087
1549,0.4756277695716396
1550,0.47488921713441656
1551,0.4782127031019202
1552,0.4782127031019202
1553,0.47636632200886264
1554,0.47968980797636634
1555,0.4789512555391433
1556,0.47636632200886264
1557,0.4778434268833087
1558,0.4782127031019202
1559,0.47636632200886264
1560,0.4759970457902511
1561,0.47488921713441656
1562,0.4741506646971935
1563,0.4723042836041359
1564,0.4726735598227474
1565,0.4689807976366322
1566,0.4700886262924668
1567,0.4708271787296898
1568,0.46824224519940916
1569,0.4675036927621861
1570,0.46971935007385524
1571,0.47156573116691286
1572,0.4734121122599705
1573,0.4689807976366322
1574,0.46824224519940916
1575,0.4704579025110783
1576,0.465288035450517
1577,0.46454948301329396
1578,0.46491875923190545
1579,0.4638109305760709
1580,0.4641802067946824
1581,0.4667651403249631
1582,0.46824224519940916
1583,0.46713441654357457
1584,0.46491875923190545
1585,0.46713441654357457
1586,0.4678729689807976
1587,0.4675036927621861
1588,0.4708271787296898
1589,0.4700886262924668
1590,0.46713441654357457
1591,0.4704579025110783
1592,0.46824224519940916
1593,0.46713441654357457
1594,0.47156573116691286
1595,0.4711964549483013
1596,0.47525849335302806
1597,0.47525849335302806
1598,0.474519940915805
1599,0.4741506646971935
1600,0.474519940915805
1601,0.473781388478582
1602,0.47525849335302806
1603,0.4759970457902511
1604,0.4778434268833087
1605,0.47636632200886264
1606,0.474519940915805
1607,0.47636632200886264
1608,0.47968980797636634
1609,0.47858197932053176
1610,0.48190546528803546
1611,0.4807976366322009
1612,0.4789512555391433
1613,0.4815361890694239
1614,0.4793205317577548
1615,0.4815361890694239
1616,0.4826440177252585
1617,0.4807976366322009
1618,0.47968980797636634
1619,0.4793205317577548
1620,0.47968980797636634
1621,0.47968980797636634
1622,0.4789512555391433
1623,0.4782127031019202
1624,0.4844903988183161
1625,0.4885524372230428
1626,0.4896602658788774
1627,0.4918759231905465
1628,0.49409158050221563
1629,0.4948301329394387
1630,0.4929837518463811
1631,0.4933530280649926
1632,0.49261447562776955
1633,0.4966765140324963
1634,0.491506646971935
1635,0.4918759231905465
1636,0.491506646971935
1637,0.491506646971935
1638,0.49261447562776955
1639,0.49039881831610044
1640,0.4911373707533235
1641,0.490768094534712
1642,0.4911373707533235
1643,0.490768094534712
1644,0.49039881831610044
1645,0.49002954209748895
1646,0.4933530280649926
1647,0.4918759231905465
1648,0.4918759231905465
1649,0.4918759231905465
1650,0.49224519940915806
1651,0.49224519940915806
1652,0.490768094534712
1653,0.49002954209748895
1654,0.49002954209748895
1655,0.4885524372230428
1656,0.49002954209748895
1657,0.49002954209748895
1658,0.49002954209748895
1659,0.4896602658788774
1660,0.48929098966026585
1661,0.48929098966026585
1662,0.48892171344165436
1663,0.48892171344165436
1664,0.48929098966026585
1665,0.49002954209748895
1666,0.490768094534712
1667,0.491506646971935
1668,0.49261447562776955
1669,0.4929837518463811
1670,0.49261447562776955
1671,0.4929837518463811
1672,0.49372230428360414
1673,0.4933530280649926
1674,0.4944608567208272
1675,0.49556868537666177
1676,0.4951994091580502
1677,0.4963072378138848
1678,0.4951994091580502
1679,0.49409158050221563
1680,0.49409158050221563
1681,0.49409158050221563
1682,0.49372230428360414
1683,0.49409158050221563
1684,0.49372230428360414
1685,0.4933530280649926
1686,0.49261447562776955
1687,0.4918759231905465
1688,0.4911373707533235
1689,0.4911373707533235
1690,0.49261447562776955
1691,0.49372230428360414
1692,0.49261447562776955
1693,0.49224519940915806
1694,0.4911373707533235
1695,0.491506646971935
1696,0.491506646971935
1697,0.49224519940915806
1698,0.4918759231905465
1699,0.49261447562776955
1700,0.49224519940915806
1701,0.491506646971935
1702,0.490768094534712
1703,0.490768094534712
1704,0.491506646971935
1705,0.4911373707533235
1706,0.490768094534712
1707,0.4911373707533235
1708,0.491506646971935
1709,0.4918759231905465
1710,0.4918759231905465
1711,0.4918759231905465
1712,0.491506646971935
1713,0.491506646971935
1714,0.4911373707533235
1715,0.4911373707533235
1716,0.4911373707533235
1717,0.4918759231905465
1718,0.49224519940915806
1719,0.4918759231905465
1720,0.4918759231905465
1721,0.49224519940915806
1722,0.49224519940915806
1723,0.4933530280649926
1724,0.4951994091580502
1725,0.49556868537666177
1726,0.49039881831610044
1727,0.49039881831610044
1728,0.49261447562776955
1729,0.4918759231905465
1730,0.49002954209748895
1731,0.490768094534712
1732,0.4918759231905465
1733,0.49409158050221563
1734,0.49261447562776955
1735,0.4911373707533235
1736,0.4933530280649926
1737,0.4929837518463811
1738,0.491506646971935
1739,0.4911373707533235
1740,0.49372230428360414
1741,0.4929837518463811
1742,0.49261447562776955
1743,0.490768094534712
1744,0.4963072378138848
1745,0.49409158050221563
1746,0.4944608567208272
1747,0.49593796159527326
1748,0.49556868537666177
1749,0.49372230428360414
1750,0.4963072378138848
1751,0.4963072378138848
1752,0.49704579025110784
1753,0.4933530280649926
1754,0.49409158050221563
1755,0.49409158050221563
1756,0.4918759231905465
1757,0.49963072378138845
1758,0.4985228951255539
1759,0.4988921713441654
1760,0.5007385524372231
1761,0.5007385524372231
1762,0.5022156573116692
1763,0.4981536189069424
1764,0.4977843426883309
1765,0.4977843426883309
1766,0.4977843426883309
1767,0.5003692762186115
1768,0.5007385524372231
1769,0.49741506646971934
1770,0.4966765140324963
1771,0.49963072378138845
1772,0.49593796159527326
1773,0.49704579025110784
1774,0.49593796159527326
1775,0.4963072378138848
1776,0.4963072378138848
1777,0.49704579025110784
1778,0.4963072378138848
1779,0.4981536189069424
1780,0.49741506646971934
1781,0.49741506646971934
1782,0.4981536189069424
1783,0.4963072378138848
1784,0.4985228951255539
1785,0.49963072378138845
1786,0.49593796159527326
1787,0.4988921713441654
1788,0.49556868537666177
1789,0.49556868537666177
1790,0.49593796159527326
1791,0.4948301329394387
1792,0.49261447562776955
1793,0.491506646971935
1794,0.4918759231905465
1795,0.4963072378138848
1796,0.4963072378138848
1797,0.4963072378138848
1798,0.49704579025110784
1799,0.4985228951255539
1800,0.4981536189069424
1801,0.49593796159527326
1802,0.4988921713441654
1803,0.4988921713441654
1804,0.5011078286558346
1805,0.5
1806,0.4988921713441654
1807,0.5003692762186115
1808,0.5014771048744461
1809,0.5014771048744461
1810,0.4988921713441654
1811,0.4985228951255539
1812,0.4988921713441654
1813,0.4981536189069424
1814,0.5
1815,0.4988921713441654
1816,0.4988921713441654
1817,0.49963072378138845
1818,0.49926144756277696
1819,0.49593796159527326
1820,0.49556868537666177
1821,0.49704579025110784
1822,0.4948301329394387
1823,0.49409158050221563
1824,0.5014771048744461
1825,0.49926144756277696
1826,0.5033234859675036
1827,0.5066469719350074
1828,0.5036927621861153
1829,0.5051698670605613
1830,0.5018463810930576
1831,0.5
1832,0.5033234859675036
1833,0.5029542097488922
1834,0.507754800590842
1835,0.5088626292466765
1836,0.5096011816838996
1837,0.508493353028065
1838,0.5088626292466765
1839,0.5107090103397341
1840,0.5114475627769571
1841,0.5114475627769571
1842,0.509970457902511
1843,0.5103397341211225
1844,0.5110782865583456
1845,0.5114475627769571
1846,0.517725258493353
1847,0.5166174298375185
1848,0.5147710487444609
1849,0.5147710487444609
1850,0.5140324963072378
1851,0.5125553914327917
1852,0.5144017725258493
1853,0.5092319054652881
1854,0.5088626292466765
1855,0.5103397341211225
1856,0.5088626292466765
1857,0.5062776957163959
1858,0.5073855243722304
1859,0.5070162481536189
1860,0.5070162481536189
1861,0.5088626292466765
1862,0.5088626292466765
1863,0.5103397341211225
1864,0.5107090103397341
1865,0.509970457902511
1866,0.5129246676514032
1867,0.5118168389955687
1868,0.5144017725258493
1869,0.5151403249630724
1870,0.5140324963072378
1871,0.5132939438700148
1872,0.5144017725258493
1873,0.518463810930576
1874,0.51698670605613
1875,0.5140324963072378
1876,0.5132939438700148
1877,0.5155096011816839
1878,0.5136632200886263
1879,0.5110782865583456
1880,0.5140324963072378
1881,0.5158788774002954
1882,0.518463810930576
1883,0.5136632200886263
1884,0.5158788774002954
1885,0.5173559822747416
1886,0.5158788774002954
1887,0.516248153618907
1888,0.516248153618907
1889,0.518463810930576
1890,0.5217872968980798
1891,0.5195716395864106
1892,0.5180945347119645
1893,0.5144017725258493
1894,0.517725258493353
1895,0.5140324963072378
1896,0.5136632200886263
1897,0.516248153618907
1898,0.517725258493353
1899,0.5199409158050221
1900,0.5203101920236337
1901,0.5195716395864106
1902,0.5258493353028065
1903,0.5243722304283605
1904,0.5243722304283605
1905,0.524741506646972
1906,0.5203101920236337
1907,0.5188330871491876
1908,0.5173559822747416
1909,0.5180945347119645
1910,0.5188330871491876
1911,0.5180945347119645
1912,0.5188330871491876
1913,0.5236336779911374
1914,0.5206794682422452
1915,0.5232644017725259
1916,0.5254800590841949
1917,0.5236336779911374
1918,0.5232644017725259
1919,0.5217872968980798
1920,0.524741506646972
1921,0.524741506646972
1922,0.526218611521418
1923,0.526218611521418
1924,0.526218611521418
1925,0.5284342688330872
1926,0.5284342688330872
1927,0.524741506646972
1928,0.5273264401772526
1929,0.526218611521418
1930,0.5251107828655834
1931,0.5280649926144756
1932,0.5280649926144756
1933,0.5306499261447563
1934,0.5273264401772526
1935,0.5295420974889217
1936,0.5284342688330872
1937,0.5295420974889217
1938,0.5236336779911374
1939,0.5214180206794683
1940,0.5232644017725259
1941,0.5236336779911374
1942,0.5225258493353028
1943,0.5225258493353028
1944,0.5232644017725259
1945,0.5180945347119645
1946,0.5180945347119645
1947,0.518463810930576
1948,0.5188330871491876
1949,0.51698670605613
1950,0.5166174298375185
1951,0.5166174298375185
1952,0.5166174298375185
1953,0.517725258493353
1954,0.5188330871491876
1955,0.5192023633677991
1956,0.5188330871491876
1957,0.5173559822747416
1958,0.5180945347119645
1959,0.5188330871491876
1960,0.5199409158050221
1961,0.5258493353028065
1962,0.5299113737075333
1963,0.5276957163958641
1964,0.518463810930576
1965,0.5251107828655834
1966,0.5243722304283605
1967,0.5225258493353028
1968,0.5243722304283605
1969,0.5258493353028065
1970,0.5254800590841949
1971,0.526218611521418
1972,0.5254800590841949
1973,0.5288035450516987
1974,0.5258493353028065
1975,0.526218611521418
1976,0.5258493353028065
1977,0.5276957163958641
1978,0.5273264401772526
1979,0.5273264401772526
1980,0.5236336779911374
1981,0.5210487444608567
1982,0.5210487444608567
1983,0.5217872968980798
1984,0.5203101920236337
1985,0.5232644017725259
1986,0.5276957163958641
1987,0.524741506646972
1988,0.5240029542097489
1989,0.524741506646972
1990,0.5265878877400295
1991,0.5225258493353028
1992,0.5214180206794683
1993,0.5221565731166913
1994,0.524741506646972
1995,0.5276957163958641
1996,0.5280649926144756
1997,0.5284342688330872
1998,0.524741506646972
1999,0.5288035450516987
